yellow_cone 0.00 0 0.00 0.00 0.00 0.00 0.00 0.358 0.251 0.251 21.014 -22.224 -0.971 0.00
yellow_cone 0.00 0 0.00 0.00 0.00 0.00 0.00 0.358 0.251 0.251 18.249 -25.791 -0.971 0.00
yellow_cone 0.00 0 0.00 0.00 0.00 0.00 0.00 0.358 0.251 0.251 14.727 -28.661 -0.971 0.00
yellow_cone 0.00 0 0.00 0.00 0.00 0.00 0.00 0.358 0.251 0.251 10.831 -30.326 -0.971 0.00
yellow_cone 0.00 0 0.00 0.00 0.00 0.00 0.00 0.358 0.251 0.251 6.786 -7.219 -0.971 0.00
yellow_cone 0.00 0 0.00 0.00 0.00 0.00 0.00 0.358 0.251 0.251 23.496 -9.118 -0.971 0.00
yellow_cone 0.00 0 0.00 0.00 0.00 0.00 0.00 0.358 0.251 0.251 22.789 -18.102 -0.971 0.00
yellow_cone 0.00 0 0.00 0.00 0.00 0.00 0.00 0.358 0.251 0.251 23.819 -13.566 -0.971 0.00
yellow_cone 0.00 0 0.00 0.00 0.00 0.00 0.00 0.358 0.251 0.251 22.028 -4.888 -0.971 0.00
yellow_cone 0.00 0 0.00 0.00 0.00 0.00 0.00 0.358 0.251 0.251 20.044 -0.804 -0.971 0.00
yellow_cone 0.00 0 0.00 0.00 0.00 0.00 0.00 0.358 0.251 0.251 17.808 2.425 -0.971 0.00
yellow_cone 0.00 0 0.00 0.00 0.00 0.00 0.00 0.358 0.251 0.251 14.889 5.686 -0.971 0.00
yellow_cone 0.00 0 0.00 0.00 0.00 0.00 0.00 0.358 0.251 0.251 11.774 8.461 -0.971 0.00
yellow_cone 0.00 0 0.00 0.00 0.00 0.00 0.00 0.358 0.251 0.251 8.059 11.327 -0.971 0.00
yellow_cone 0.00 0 0.00 0.00 0.00 0.00 0.00 0.358 0.251 0.251 3.058 -2.457 -0.971 0.00
yellow_cone 0.00 0 0.00 0.00 0.00 0.00 0.00 0.358 0.251 0.251 6.374 -4.328 -0.971 0.00
yellow_cone 0.00 0 0.00 0.00 0.00 0.00 0.00 0.358 0.251 0.251 4.052 13.886 -0.971 0.00
yellow_cone 0.00 0 0.00 0.00 0.00 0.00 0.00 0.358 0.251 0.251 4.452 -8.932 -0.971 0.00
blue_cone 0.00 0 0.00 0.00 0.00 0.00 0.00 0.358 0.251 0.251 10.496 -4.961 -0.971 0.00
blue_cone 0.00 0 0.00 0.00 0.00 0.00 0.00 0.358 0.251 0.251 21.028 -13.111 -0.971 0.00
blue_cone 0.00 0 0.00 0.00 0.00 0.00 0.00 0.358 0.251 0.251 9.869 -8.245 -0.971 0.00
blue_cone 0.00 0 0.00 0.00 0.00 0.00 0.00 0.358 0.251 0.251 19.861 -16.922 -0.971 0.00
blue_cone 0.00 0 0.00 0.00 0.00 0.00 0.00 0.358 0.251 0.251 7.684 -11.072 -0.971 0.00
blue_cone 0.00 0 0.00 0.00 0.00 0.00 0.00 0.358 0.251 0.251 18.507 -20.636 -0.971 0.00
blue_cone 0.00 0 0.00 0.00 0.00 0.00 0.00 0.358 0.251 0.251 16.028 -23.804 -0.971 0.00
blue_cone 0.00 0 0.00 0.00 0.00 0.00 0.00 0.358 0.251 0.251 13.510 -26.103 -0.971 0.00
blue_cone 0.00 0 0.00 0.00 0.00 0.00 0.00 0.358 0.251 0.251 10.284 -27.510 -0.971 0.00
blue_cone 0.00 0 0.00 0.00 0.00 0.00 0.00 0.358 0.251 0.251 20.692 -9.871 -0.971 0.00
blue_cone 0.00 0 0.00 0.00 0.00 0.00 0.00 0.358 0.251 0.251 19.502 -6.039 -0.971 0.00
blue_cone 0.00 0 0.00 0.00 0.00 0.00 0.00 0.358 0.251 0.251 17.468 -2.334 -0.971 0.00
blue_cone 0.00 0 0.00 0.00 0.00 0.00 0.00 0.358 0.251 0.251 14.800 1.149 -0.971 0.00
blue_cone 0.00 0 0.00 0.00 0.00 0.00 0.00 0.358 0.251 0.251 12.475 3.986 -0.971 0.00
blue_cone 0.00 0 0.00 0.00 0.00 0.00 0.00 0.358 0.251 0.251 7.944 -1.482 -0.971 0.00
blue_cone 0.00 0 0.00 0.00 0.00 0.00 0.00 0.358 0.251 0.251 9.171 6.549 -0.971 0.00
blue_cone 0.00 0 0.00 0.00 0.00 0.00 0.00 0.358 0.251 0.251 3.789 -0.073 -0.971 0.00
blue_cone 0.00 0 0.00 0.00 0.00 0.00 0.00 0.358 0.251 0.251 6.183 8.719 -0.971 0.00
blue_cone 0.00 0 0.00 0.00 0.00 0.00 0.00 0.358 0.251 0.251 3.166 10.896 -0.971 0.00
blue_cone 0.00 0 0.00 0.00 0.00 0.00 0.00 0.358 0.251 0.251 3.695 -11.829 -0.971 0.00
blue_cone 0.00 0 1033.283 1010.909 1161.248 1158.517 0.00 0.00 0.00 0.00 0.00 0.00 0.00
blue_cone 0.00 0 1854.176 818.594 1895.648 868.420 0.00 0.00 0.00 0.00 0.00 0.00 0.00
blue_cone 0.00 0 1352.922 858.405 1408.401 925.553 0.00 0.00 0.00 0.00 0.00 0.00 0.00
orange_cone 0.00 0 487.717 814.452 521.229 850.688 0.00 0.00 0.00 0.00 0.00 0.00 0.00
orange_cone 0.00 0 899.553 794.865 927.229 830.506 0.00 0.00 0.00 0.00 0.00 0.00 0.00
yellow_cone 0.00 0 372.556 795.685 401.642 829.801 0.00 0.00 0.00 0.00 0.00 0.00 0.00
orange_cone 0.00 0 1273.849 778.785 1300.245 810.941 0.00 0.00 0.00 0.00 0.00 0.00 0.00
orange_cone 0.00 0 1580.842 773.211 1604.842 801.511 0.00 0.00 0.00 0.00 0.00 0.00 0.00
orange_cone 0.00 0 1858.300 767.343 1879.783 790.605 0.00 0.00 0.00 0.00 0.00 0.00 0.00
yellow_cone 0.00 0 795.786 783.511 818.250 812.999 0.00 0.00 0.00 0.00 0.00 0.00 0.00
orange_cone 0.00 0 1111.764 771.196 1133.335 798.627 0.00 0.00 0.00 0.00 0.00 0.00 0.00
orange_cone 0.00 0 1426.499 766.079 1447.987 790.663 0.00 0.00 0.00 0.00 0.00 0.00 0.00
orange_cone 0.00 0 2005.793 760.457 2025.520 782.268 0.00 0.00 0.00 0.00 0.00 0.00 0.00
orange_cone 0.00 0 1708.675 760.362 1729.618 783.942 0.00 0.00 0.00 0.00 0.00 0.00 0.00
