yellow_cone 0.00 0 0.00 0.00 0.00 0.00 0.00 0.358 0.251 0.251 6.220 -16.212 -0.971 0.00
yellow_cone 0.00 0 0.00 0.00 0.00 0.00 0.00 0.358 0.251 0.251 6.121 -12.022 -0.971 0.00
yellow_cone 0.00 0 0.00 0.00 0.00 0.00 0.00 0.358 0.251 0.251 2.374 -6.914 -0.971 0.00
yellow_cone 0.00 0 0.00 0.00 0.00 0.00 0.00 0.358 0.251 0.251 4.342 -8.513 -0.971 0.00
yellow_cone 0.00 0 0.00 0.00 0.00 0.00 0.00 0.358 0.251 0.251 2.490 -1.984 -0.971 0.00
yellow_cone 0.00 0 0.00 0.00 0.00 0.00 0.00 0.358 0.251 0.251 9.730 -0.457 -0.971 0.00
yellow_cone 0.00 0 0.00 0.00 0.00 0.00 0.00 0.358 0.251 0.251 6.290 -1.699 -0.971 0.00
yellow_cone 0.00 0 0.00 0.00 0.00 0.00 0.00 0.358 0.251 0.251 11.072 2.727 -0.971 0.00
yellow_cone 0.00 0 0.00 0.00 0.00 0.00 0.00 0.358 0.251 0.251 10.117 5.846 -0.971 0.00
yellow_cone 0.00 0 0.00 0.00 0.00 0.00 0.00 0.358 0.251 0.251 3.701 8.165 -0.971 0.00
yellow_cone 0.00 0 0.00 0.00 0.00 0.00 0.00 0.358 0.251 0.251 4.790 15.838 -0.971 0.00
yellow_cone 0.00 0 0.00 0.00 0.00 0.00 0.00 0.358 0.251 0.251 8.263 17.408 -0.971 0.00
yellow_cone 0.00 0 0.00 0.00 0.00 0.00 0.00 0.358 0.251 0.251 9.424 21.157 -0.971 0.00
yellow_cone 0.00 0 0.00 0.00 0.00 0.00 0.00 0.358 0.251 0.251 7.942 24.952 -0.971 0.00
yellow_cone 0.00 0 0.00 0.00 0.00 0.00 0.00 0.358 0.251 0.251 7.536 7.504 -0.971 0.00
blue_cone 0.00 0 0.00 0.00 0.00 0.00 0.00 0.358 0.251 0.251 2.155 1.122 -0.971 0.00
blue_cone 0.00 0 0.00 0.00 0.00 0.00 0.00 0.358 0.251 0.251 5.631 1.367 -0.971 0.00
blue_cone 0.00 0 0.00 0.00 0.00 0.00 0.00 0.358 0.251 0.251 5.756 4.874 -0.971 0.00
blue_cone 0.00 0 0.00 0.00 0.00 0.00 0.00 0.358 0.251 0.251 7.505 3.196 -0.971 0.00
blue_cone 0.00 0 0.00 0.00 0.00 0.00 0.00 0.358 0.251 0.251 6.303 20.086 -0.971 0.00
blue_cone 0.00 0 0.00 0.00 0.00 0.00 0.00 0.358 0.251 0.251 6.038 22.153 -0.971 0.00
orange_cone 0.00 0 65.580 1195.276 288.998 1449.657 0.00 0.00 0.00 0.00 0.00 0.00 0.00
yellow_cone 0.00 0 1549.818 916.529 1629.775 1008.529 0.00 0.00 0.00 0.00 0.00 0.00 0.00
yellow_cone 0.00 0 82.201 832.306 128.684 885.373 0.00 0.00 0.00 0.00 0.00 0.00 0.00
yellow_cone 0.00 0 621.006 832.212 663.452 882.203 0.00 0.00 0.00 0.00 0.00 0.00 0.00
yellow_cone 0.00 0 1144.848 848.945 1192.611 908.396 0.00 0.00 0.00 0.00 0.00 0.00 0.00
unknown_cone 0.00 0 320.043 875.617 383.666 947.481 0.00 0.00 0.00 0.00 0.00 0.00 0.00
orange_cone 0.00 0 635.798 930.268 712.349 1028.627 0.00 0.00 0.00 0.00 0.00 0.00 0.00
orange_cone 0.00 0 320.812 875.920 384.173 947.492 0.00 0.00 0.00 0.00 0.00 0.00 0.00
