yellow_cone 0.00 0 0.00 0.00 0.00 0.00 0.00 0.358 0.251 0.251 18.093 2.802 -0.971 0.00
yellow_cone 0.00 0 0.00 0.00 0.00 0.00 0.00 0.358 0.251 0.251 14.343 0.290 -0.971 0.00
yellow_cone 0.00 0 0.00 0.00 0.00 0.00 0.00 0.358 0.251 0.251 10.095 -1.321 -0.971 0.00
yellow_cone 0.00 0 0.00 0.00 0.00 0.00 0.00 0.358 0.251 0.251 5.873 -1.671 -0.971 0.00
yellow_cone 0.00 0 0.00 0.00 0.00 0.00 0.00 0.358 0.251 0.251 9.331 21.531 -0.971 0.00
yellow_cone 0.00 0 0.00 0.00 0.00 0.00 0.00 0.358 0.251 0.251 24.587 14.454 -0.971 0.00
yellow_cone 0.00 0 0.00 0.00 0.00 0.00 0.00 0.358 0.251 0.251 21.079 6.153 -0.971 0.00
yellow_cone 0.00 0 0.00 0.00 0.00 0.00 0.00 0.358 0.251 0.251 23.489 10.131 -0.971 0.00
yellow_cone 0.00 0 0.00 0.00 0.00 0.00 0.00 0.358 0.251 0.251 24.529 18.930 -0.971 0.00
yellow_cone 0.00 0 0.00 0.00 0.00 0.00 0.00 0.358 0.251 0.251 23.935 23.432 -0.971 0.00
yellow_cone 0.00 0 0.00 0.00 0.00 0.00 0.00 0.358 0.251 0.251 22.833 27.202 -0.971 0.00
yellow_cone 0.00 0 0.00 0.00 0.00 0.00 0.00 0.358 0.251 0.251 21.094 31.218 -0.971 0.00
yellow_cone 0.00 0 0.00 0.00 0.00 0.00 0.00 0.358 0.251 0.251 19.014 34.835 -0.971 0.00
yellow_cone 0.00 0 0.00 0.00 0.00 0.00 0.00 0.358 0.251 0.251 7.297 27.227 -0.971 0.00
yellow_cone 0.00 0 0.00 0.00 0.00 0.00 0.00 0.358 0.251 0.251 9.852 24.404 -0.971 0.00
yellow_cone 0.00 0 0.00 0.00 0.00 0.00 0.00 0.358 0.251 0.251 6.575 20.643 -0.971 0.00
blue_cone 0.00 0 0.00 0.00 0.00 0.00 0.00 0.358 0.251 0.251 13.564 22.502 -0.971 0.00
blue_cone 0.00 0 0.00 0.00 0.00 0.00 0.00 0.358 0.251 0.251 20.984 11.444 -0.971 0.00
blue_cone 0.00 0 0.00 0.00 0.00 0.00 0.00 0.358 0.251 0.251 11.931 19.584 -0.971 0.00
blue_cone 0.00 0 0.00 0.00 0.00 0.00 0.00 0.358 0.251 0.251 18.673 8.196 -0.971 0.00
blue_cone 0.00 0 0.00 0.00 0.00 0.00 0.00 0.358 0.251 0.251 8.966 17.591 -0.971 0.00
blue_cone 0.00 0 0.00 0.00 0.00 0.00 0.00 0.358 0.251 0.251 16.216 5.100 -0.971 0.00
blue_cone 0.00 0 0.00 0.00 0.00 0.00 0.00 0.358 0.251 0.251 12.864 2.877 -0.971 0.00
blue_cone 0.00 0 0.00 0.00 0.00 0.00 0.00 0.358 0.251 0.251 9.749 1.490 -0.971 0.00
blue_cone 0.00 0 0.00 0.00 0.00 0.00 0.00 0.358 0.251 0.251 6.243 1.174 -0.971 0.00
blue_cone 0.00 0 0.00 0.00 0.00 0.00 0.00 0.358 0.251 0.251 21.688 14.625 -0.971 0.00
blue_cone 0.00 0 0.00 0.00 0.00 0.00 0.00 0.358 0.251 0.251 21.769 18.636 -0.971 0.00
blue_cone 0.00 0 0.00 0.00 0.00 0.00 0.00 0.358 0.251 0.251 21.009 22.794 -0.971 0.00
blue_cone 0.00 0 0.00 0.00 0.00 0.00 0.00 0.358 0.251 0.251 19.577 26.941 -0.971 0.00
blue_cone 0.00 0 0.00 0.00 0.00 0.00 0.00 0.358 0.251 0.251 18.266 30.367 -0.971 0.00
blue_cone 0.00 0 0.00 0.00 0.00 0.00 0.00 0.358 0.251 0.251 12.241 26.609 -0.971 0.00
blue_cone 0.00 0 0.00 0.00 0.00 0.00 0.00 0.358 0.251 0.251 15.940 33.842 -0.971 0.00
blue_cone 0.00 0 0.00 0.00 0.00 0.00 0.00 0.358 0.251 0.251 8.742 29.258 -0.971 0.00
blue_cone 0.00 0 0.00 0.00 0.00 0.00 0.00 0.358 0.251 0.251 13.790 36.844 -0.971 0.00
blue_cone 0.00 0 0.00 0.00 0.00 0.00 0.00 0.358 0.251 0.251 4.942 18.133 -0.971 0.00
orange_cone 0.00 0 1516.653 942.682 1600.113 1033.829 0.00 0.00 0.00 0.00 0.00 0.00 0.00
orange_cone 0.00 0 695.748 922.126 768.179 1012.399 0.00 0.00 0.00 0.00 0.00 0.00 0.00
orange_cone 0.00 0 758.061 859.759 807.619 915.725 0.00 0.00 0.00 0.00 0.00 0.00 0.00
orange_cone 0.00 0 1001.414 826.204 1032.588 862.711 0.00 0.00 0.00 0.00 0.00 0.00 0.00
orange_cone 0.00 0 637.091 833.103 672.446 873.739 0.00 0.00 0.00 0.00 0.00 0.00 0.00
yellow_cone 0.00 0 1264.922 861.225 1311.754 916.189 0.00 0.00 0.00 0.00 0.00 0.00 0.00
orange_cone 0.00 0 284.090 805.019 305.346 830.636 0.00 0.00 0.00 0.00 0.00 0.00 0.00
orange_cone 0.00 0 111.933 795.826 133.000 820.211 0.00 0.00 0.00 0.00 0.00 0.00 0.00
orange_cone 0.00 0 507.965 798.390 527.958 822.248 0.00 0.00 0.00 0.00 0.00 0.00 0.00
orange_cone 0.00 0 485.268 814.363 513.562 846.886 0.00 0.00 0.00 0.00 0.00 0.00 0.00
orange_cone 0.00 0 759.455 810.297 783.590 838.322 0.00 0.00 0.00 0.00 0.00 0.00 0.00
orange_cone 0.00 0 45.662 786.074 65.347 807.287 0.00 0.00 0.00 0.00 0.00 0.00 0.00
