yellow_cone 0.00 0 0.00 0.00 0.00 0.00 0.00 0.358 0.251 0.251 8.302 -19.088 -0.971 0.00
yellow_cone 0.00 0 0.00 0.00 0.00 0.00 0.00 0.358 0.251 0.251 4.992 -5.714 -0.971 0.00
yellow_cone 0.00 0 0.00 0.00 0.00 0.00 0.00 0.358 0.251 0.251 10.305 -15.406 -0.971 0.00
yellow_cone 0.00 0 0.00 0.00 0.00 0.00 0.00 0.358 0.251 0.251 9.602 -9.111 -0.971 0.00
yellow_cone 0.00 0 0.00 0.00 0.00 0.00 0.00 0.358 0.251 0.251 4.226 -2.127 -0.971 0.00
yellow_cone 0.00 0 0.00 0.00 0.00 0.00 0.00 0.358 0.251 0.251 7.377 -7.014 -0.971 0.00
yellow_cone 0.00 0 0.00 0.00 0.00 0.00 0.00 0.358 0.251 0.251 10.512 -11.477 -0.971 0.00
yellow_cone 0.00 0 0.00 0.00 0.00 0.00 0.00 0.358 0.251 0.251 8.134 -2.853 -0.971 0.00
yellow_cone 0.00 0 0.00 0.00 0.00 0.00 0.00 0.358 0.251 0.251 12.161 -4.894 -0.971 0.00
yellow_cone 0.00 0 0.00 0.00 0.00 0.00 0.00 0.358 0.251 0.251 19.198 -7.179 -0.971 0.00
yellow_cone 0.00 0 0.00 0.00 0.00 0.00 0.00 0.358 0.251 0.251 15.597 -6.541 -0.971 0.00
yellow_cone 0.00 0 0.00 0.00 0.00 0.00 0.00 0.358 0.251 0.251 21.949 -5.087 -0.971 0.00
yellow_cone 0.00 0 0.00 0.00 0.00 0.00 0.00 0.358 0.251 0.251 22.675 -1.907 -0.971 0.00
yellow_cone 0.00 0 0.00 0.00 0.00 0.00 0.00 0.358 0.251 0.251 18.268 3.301 -0.971 0.00
yellow_cone 0.00 0 0.00 0.00 0.00 0.00 0.00 0.358 0.251 0.251 15.100 5.647 -0.971 0.00
yellow_cone 0.00 0 0.00 0.00 0.00 0.00 0.00 0.358 0.251 0.251 3.825 9.402 -0.971 0.00
yellow_cone 0.00 0 0.00 0.00 0.00 0.00 0.00 0.358 0.251 0.251 7.989 9.071 -0.971 0.00
yellow_cone 0.00 0 0.00 0.00 0.00 0.00 0.00 0.358 0.251 0.251 11.304 7.781 -0.971 0.00
yellow_cone 0.00 0 0.00 0.00 0.00 0.00 0.00 0.358 0.251 0.251 23.036 9.410 -0.971 0.00
yellow_cone 0.00 0 0.00 0.00 0.00 0.00 0.00 0.358 0.251 0.251 19.812 11.357 -0.971 0.00
yellow_cone 0.00 0 0.00 0.00 0.00 0.00 0.00 0.358 0.251 0.251 16.261 13.417 -0.971 0.00
yellow_cone 0.00 0 0.00 0.00 0.00 0.00 0.00 0.358 0.251 0.251 26.830 9.041 -0.971 0.00
yellow_cone 0.00 0 0.00 0.00 0.00 0.00 0.00 0.358 0.251 0.251 9.400 17.334 -0.971 0.00
yellow_cone 0.00 0 0.00 0.00 0.00 0.00 0.00 0.358 0.251 0.251 12.651 15.725 -0.971 0.00
yellow_cone 0.00 0 0.00 0.00 0.00 0.00 0.00 0.358 0.251 0.251 6.545 17.404 -0.971 0.00
yellow_cone 0.00 0 0.00 0.00 0.00 0.00 0.00 0.358 0.251 0.251 29.705 11.712 -0.971 0.00
yellow_cone 0.00 0 0.00 0.00 0.00 0.00 0.00 0.358 0.251 0.251 30.312 15.741 -0.971 0.00
yellow_cone 0.00 0 0.00 0.00 0.00 0.00 0.00 0.358 0.251 0.251 27.924 18.852 -0.971 0.00
yellow_cone 0.00 0 0.00 0.00 0.00 0.00 0.00 0.358 0.251 0.251 25.022 21.712 -0.971 0.00
yellow_cone 0.00 0 0.00 0.00 0.00 0.00 0.00 0.358 0.251 0.251 22.123 24.380 -0.971 0.00
yellow_cone 0.00 0 0.00 0.00 0.00 0.00 0.00 0.358 0.251 0.251 19.347 26.962 -0.971 0.00
yellow_cone 0.00 0 0.00 0.00 0.00 0.00 0.00 0.358 0.251 0.251 15.486 28.279 -0.971 0.00
yellow_cone 0.00 0 0.00 0.00 0.00 0.00 0.00 0.358 0.251 0.251 11.654 29.457 -0.971 0.00
yellow_cone 0.00 0 0.00 0.00 0.00 0.00 0.00 0.358 0.251 0.251 21.264 0.817 -0.971 0.00
blue_cone 0.00 0 0.00 0.00 0.00 0.00 0.00 0.358 0.251 0.251 5.840 -17.099 -0.971 0.00
blue_cone 0.00 0 0.00 0.00 0.00 0.00 0.00 0.358 0.251 0.251 4.280 -8.777 -0.971 0.00
blue_cone 0.00 0 0.00 0.00 0.00 0.00 0.00 0.358 0.251 0.251 6.050 -9.643 -0.971 0.00
blue_cone 0.00 0 0.00 0.00 0.00 0.00 0.00 0.358 0.251 0.251 7.311 -11.376 -0.971 0.00
blue_cone 0.00 0 0.00 0.00 0.00 0.00 0.00 0.358 0.251 0.251 7.239 -14.527 -0.971 0.00
blue_cone 0.00 0 0.00 0.00 0.00 0.00 0.00 0.358 0.251 0.251 9.361 -0.085 -0.971 0.00
blue_cone 0.00 0 0.00 0.00 0.00 0.00 0.00 0.358 0.251 0.251 4.539 0.828 -0.971 0.00
blue_cone 0.00 0 0.00 0.00 0.00 0.00 0.00 0.358 0.251 0.251 13.418 -2.035 -0.971 0.00
blue_cone 0.00 0 0.00 0.00 0.00 0.00 0.00 0.358 0.251 0.251 16.553 -3.555 -0.971 0.00
blue_cone 0.00 0 0.00 0.00 0.00 0.00 0.00 0.358 0.251 0.251 18.409 -0.576 -0.971 0.00
blue_cone 0.00 0 0.00 0.00 0.00 0.00 0.00 0.358 0.251 0.251 14.475 2.516 -0.971 0.00
blue_cone 0.00 0 0.00 0.00 0.00 0.00 0.00 0.358 0.251 0.251 11.034 4.617 -0.971 0.00
blue_cone 0.00 0 0.00 0.00 0.00 0.00 0.00 0.358 0.251 0.251 19.090 -2.903 -0.971 0.00
blue_cone 0.00 0 0.00 0.00 0.00 0.00 0.00 0.358 0.251 0.251 7.367 6.038 -0.971 0.00
blue_cone 0.00 0 0.00 0.00 0.00 0.00 0.00 0.358 0.251 0.251 4.404 6.480 -0.971 0.00
blue_cone 0.00 0 0.00 0.00 0.00 0.00 0.00 0.358 0.251 0.251 6.354 20.360 -0.971 0.00
blue_cone 0.00 0 0.00 0.00 0.00 0.00 0.00 0.358 0.251 0.251 10.173 20.115 -0.971 0.00
blue_cone 0.00 0 0.00 0.00 0.00 0.00 0.00 0.358 0.251 0.251 21.037 14.167 -0.971 0.00
blue_cone 0.00 0 0.00 0.00 0.00 0.00 0.00 0.358 0.251 0.251 14.649 17.631 -0.971 0.00
blue_cone 0.00 0 0.00 0.00 0.00 0.00 0.00 0.358 0.251 0.251 17.706 16.164 -0.971 0.00
blue_cone 0.00 0 0.00 0.00 0.00 0.00 0.00 0.358 0.251 0.251 24.116 12.671 -0.971 0.00
blue_cone 0.00 0 0.00 0.00 0.00 0.00 0.00 0.358 0.251 0.251 26.465 12.339 -0.971 0.00
blue_cone 0.00 0 0.00 0.00 0.00 0.00 0.00 0.358 0.251 0.251 26.152 16.967 -0.971 0.00
blue_cone 0.00 0 0.00 0.00 0.00 0.00 0.00 0.358 0.251 0.251 27.266 14.263 -0.971 0.00
blue_cone 0.00 0 0.00 0.00 0.00 0.00 0.00 0.358 0.251 0.251 23.233 19.569 -0.971 0.00
blue_cone 0.00 0 0.00 0.00 0.00 0.00 0.00 0.358 0.251 0.251 20.202 22.276 -0.971 0.00
blue_cone 0.00 0 0.00 0.00 0.00 0.00 0.00 0.358 0.251 0.251 14.410 25.574 -0.971 0.00
blue_cone 0.00 0 0.00 0.00 0.00 0.00 0.00 0.358 0.251 0.251 17.386 24.451 -0.971 0.00
blue_cone 0.00 0 0.00 0.00 0.00 0.00 0.00 0.358 0.251 0.251 10.934 26.717 -0.971 0.00
orange_cone 0.00 0 680.327 1000.831 784.185 1129.891 0.00 0.00 0.00 0.00 0.00 0.00 0.00
orange_cone 0.00 0 1923.038 1024.581 2041.196 1158.916 0.00 0.00 0.00 0.00 0.00 0.00 0.00
orange_cone 0.00 0 1663.872 886.185 1725.755 952.468 0.00 0.00 0.00 0.00 0.00 0.00 0.00
orange_cone 0.00 0 1734.676 843.809 1773.654 887.208 0.00 0.00 0.00 0.00 0.00 0.00 0.00
orange_cone 0.00 0 1038.275 864.094 1092.139 923.627 0.00 0.00 0.00 0.00 0.00 0.00 0.00
orange_cone 0.00 0 310.126 837.841 357.108 884.559 0.00 0.00 0.00 0.00 0.00 0.00 0.00
orange_cone 0.00 0 378.994 807.115 411.952 843.368 0.00 0.00 0.00 0.00 0.00 0.00 0.00
yellow_cone 0.00 0 1761.762 819.694 1791.529 853.825 0.00 0.00 0.00 0.00 0.00 0.00 0.00
orange_cone 0.00 0 1416.863 812.670 1444.916 844.079 0.00 0.00 0.00 0.00 0.00 0.00 0.00
yellow_cone 0.00 0 1687.412 808.227 1712.498 835.167 0.00 0.00 0.00 0.00 0.00 0.00 0.00
orange_cone 0.00 0 1087.910 803.684 1114.538 833.411 0.00 0.00 0.00 0.00 0.00 0.00 0.00
yellow_cone 0.00 0 46.293 787.924 71.152 815.204 0.00 0.00 0.00 0.00 0.00 0.00 0.00
yellow_cone 0.00 0 710.044 796.310 733.997 824.148 0.00 0.00 0.00 0.00 0.00 0.00 0.00
orange_cone 0.00 0 727.042 816.903 759.114 852.593 0.00 0.00 0.00 0.00 0.00 0.00 0.00
orange_cone 0.00 0 1310.152 801.573 1334.908 829.960 0.00 0.00 0.00 0.00 0.00 0.00 0.00
orange_cone 0.00 0 1313.936 830.013 1349.394 867.694 0.00 0.00 0.00 0.00 0.00 0.00 0.00
yellow_cone 0.00 0 315.447 782.724 335.473 806.322 0.00 0.00 0.00 0.00 0.00 0.00 0.00
yellow_cone 0.00 0 970.405 792.437 992.633 817.962 0.00 0.00 0.00 0.00 0.00 0.00 0.00
yellow_cone 0.00 0 361.538 771.065 377.804 790.765 0.00 0.00 0.00 0.00 0.00 0.00 0.00
orange_cone 0.00 0 233.489 774.444 252.204 795.008 0.00 0.00 0.00 0.00 0.00 0.00 0.00
orange_cone 0.00 0 136.097 769.581 159.513 798.644 0.00 0.00 0.00 0.00 0.00 0.00 0.00
