yellow_cone 0.00 0 0.00 0.00 0.00 0.00 0.00 0.358 0.251 0.251 23.488 -7.231 -0.971 0.00
yellow_cone 0.00 0 0.00 0.00 0.00 0.00 0.00 0.358 0.251 0.251 23.731 -11.738 -0.971 0.00
yellow_cone 0.00 0 0.00 0.00 0.00 0.00 0.00 0.358 0.251 0.251 22.946 -16.213 -0.971 0.00
yellow_cone 0.00 0 0.00 0.00 0.00 0.00 0.00 0.358 0.251 0.251 21.090 -20.021 -0.971 0.00
yellow_cone 0.00 0 0.00 0.00 0.00 0.00 0.00 0.358 0.251 0.251 2.910 -5.196 -0.971 0.00
yellow_cone 0.00 0 0.00 0.00 0.00 0.00 0.00 0.358 0.251 0.251 16.789 4.303 -0.971 0.00
yellow_cone 0.00 0 0.00 0.00 0.00 0.00 0.00 0.358 0.251 0.251 22.133 -2.953 -0.971 0.00
yellow_cone 0.00 0 0.00 0.00 0.00 0.00 0.00 0.358 0.251 0.251 19.943 1.151 -0.971 0.00
yellow_cone 0.00 0 0.00 0.00 0.00 0.00 0.00 0.358 0.251 0.251 12.910 6.541 -0.971 0.00
yellow_cone 0.00 0 0.00 0.00 0.00 0.00 0.00 0.358 0.251 0.251 8.738 8.330 -0.971 0.00
yellow_cone 0.00 0 0.00 0.00 0.00 0.00 0.00 0.358 0.251 0.251 4.933 9.309 -0.971 0.00
yellow_cone 0.00 0 0.00 0.00 0.00 0.00 0.00 0.358 0.251 0.251 2.266 -8.019 -0.971 0.00
yellow_cone 0.00 0 0.00 0.00 0.00 0.00 0.00 0.358 0.251 0.251 17.843 -25.535 -0.971 0.00
yellow_cone 0.00 0 0.00 0.00 0.00 0.00 0.00 0.358 0.251 0.251 14.264 -31.108 -0.971 0.00
yellow_cone 0.00 0 0.00 0.00 0.00 0.00 0.00 0.358 0.251 0.251 10.861 -36.463 -0.971 0.00
blue_cone 0.00 0 0.00 0.00 0.00 0.00 0.00 0.358 0.251 0.251 4.238 -1.061 -0.971 0.00
blue_cone 0.00 0 0.00 0.00 0.00 0.00 0.00 0.358 0.251 0.251 17.535 -0.331 -0.971 0.00
blue_cone 0.00 0 0.00 0.00 0.00 0.00 0.00 0.358 0.251 0.251 5.913 -3.955 -0.971 0.00
blue_cone 0.00 0 0.00 0.00 0.00 0.00 0.00 0.358 0.251 0.251 19.147 -3.977 -0.971 0.00
blue_cone 0.00 0 0.00 0.00 0.00 0.00 0.00 0.358 0.251 0.251 6.111 -7.522 -0.971 0.00
blue_cone 0.00 0 0.00 0.00 0.00 0.00 0.00 0.358 0.251 0.251 20.553 -7.671 -0.971 0.00
blue_cone 0.00 0 0.00 0.00 0.00 0.00 0.00 0.358 0.251 0.251 20.752 -11.689 -0.971 0.00
blue_cone 0.00 0 0.00 0.00 0.00 0.00 0.00 0.358 0.251 0.251 20.352 -15.075 -0.971 0.00
blue_cone 0.00 0 0.00 0.00 0.00 0.00 0.00 0.358 0.251 0.251 18.833 -18.250 -0.971 0.00
blue_cone 0.00 0 0.00 0.00 0.00 0.00 0.00 0.358 0.251 0.251 15.160 1.899 -0.971 0.00
blue_cone 0.00 0 0.00 0.00 0.00 0.00 0.00 0.358 0.251 0.251 11.753 4.018 -0.971 0.00
blue_cone 0.00 0 0.00 0.00 0.00 0.00 0.00 0.358 0.251 0.251 7.791 5.488 -0.971 0.00
blue_cone 0.00 0 0.00 0.00 0.00 0.00 0.00 0.358 0.251 0.251 3.494 6.376 -0.971 0.00
blue_cone 0.00 0 0.00 0.00 0.00 0.00 0.00 0.358 0.251 0.251 3.590 -10.705 -0.971 0.00
blue_cone 0.00 0 0.00 0.00 0.00 0.00 0.00 0.358 0.251 0.251 6.112 -22.178 -0.971 0.00
blue_cone 0.00 0 0.00 0.00 0.00 0.00 0.00 0.358 0.251 0.251 6.789 -24.842 -0.971 0.00
blue_cone 0.00 0 0.00 0.00 0.00 0.00 0.00 0.358 0.251 0.251 15.263 -24.116 -0.971 0.00
blue_cone 0.00 0 0.00 0.00 0.00 0.00 0.00 0.358 0.251 0.251 11.631 -29.617 -0.971 0.00
blue_cone 0.00 0 1471.457 1017.179 1576.721 1149.210 0.00 0.00 0.00 0.00 0.00 0.00 0.00
orange_cone 0.00 0 450.080 821.237 492.460 866.370 0.00 0.00 0.00 0.00 0.00 0.00 0.00
orange_cone 0.00 0 174.488 803.528 210.785 842.843 0.00 0.00 0.00 0.00 0.00 0.00 0.00
orange_cone 0.00 0 820.998 807.994 850.098 843.243 0.00 0.00 0.00 0.00 0.00 0.00 0.00
orange_cone 0.00 0 590.770 794.796 619.532 826.836 0.00 0.00 0.00 0.00 0.00 0.00 0.00
orange_cone 0.00 0 1280.597 797.590 1302.326 822.455 0.00 0.00 0.00 0.00 0.00 0.00 0.00
orange_cone 0.00 0 1087.146 808.730 1111.520 838.426 0.00 0.00 0.00 0.00 0.00 0.00 0.00
orange_cone 0.00 0 1417.426 810.108 1440.892 838.064 0.00 0.00 0.00 0.00 0.00 0.00 0.00
orange_cone 0.00 0 1702.548 812.950 1724.328 839.584 0.00 0.00 0.00 0.00 0.00 0.00 0.00
orange_cone 0.00 0 941.218 794.737 964.768 821.820 0.00 0.00 0.00 0.00 0.00 0.00 0.00
orange_cone 0.00 0 1591.614 803.321 1612.152 826.551 0.00 0.00 0.00 0.00 0.00 0.00 0.00
orange_cone 0.00 0 2014.139 821.578 2035.026 845.955 0.00 0.00 0.00 0.00 0.00 0.00 0.00
orange_cone 0.00 0 1907.745 811.198 1925.690 831.442 0.00 0.00 0.00 0.00 0.00 0.00 0.00
