yellow_cone 0.00 0 0.00 0.00 0.00 0.00 0.00 0.358 0.251 0.251 4.225 -6.649 -0.971 0.00
yellow_cone 0.00 0 0.00 0.00 0.00 0.00 0.00 0.358 0.251 0.251 8.310 -6.271 -0.971 0.00
yellow_cone 0.00 0 0.00 0.00 0.00 0.00 0.00 0.358 0.251 0.251 9.289 -24.555 -0.971 0.00
yellow_cone 0.00 0 0.00 0.00 0.00 0.00 0.00 0.358 0.251 0.251 8.429 -2.531 -0.971 0.00
yellow_cone 0.00 0 0.00 0.00 0.00 0.00 0.00 0.358 0.251 0.251 13.625 -23.833 -0.971 0.00
yellow_cone 0.00 0 0.00 0.00 0.00 0.00 0.00 0.358 0.251 0.251 12.634 -6.484 -0.971 0.00
yellow_cone 0.00 0 0.00 0.00 0.00 0.00 0.00 0.358 0.251 0.251 12.677 -3.176 -0.971 0.00
yellow_cone 0.00 0 0.00 0.00 0.00 0.00 0.00 0.358 0.251 0.251 17.592 -21.362 -0.971 0.00
yellow_cone 0.00 0 0.00 0.00 0.00 0.00 0.00 0.358 0.251 0.251 16.683 -7.614 -0.971 0.00
yellow_cone 0.00 0 0.00 0.00 0.00 0.00 0.00 0.358 0.251 0.251 20.210 -18.089 -0.971 0.00
yellow_cone 0.00 0 0.00 0.00 0.00 0.00 0.00 0.358 0.251 0.251 20.625 -11.768 -0.971 0.00
yellow_cone 0.00 0 0.00 0.00 0.00 0.00 0.00 0.358 0.251 0.251 16.559 -3.948 -0.971 0.00
yellow_cone 0.00 0 0.00 0.00 0.00 0.00 0.00 0.358 0.251 0.251 18.802 -9.313 -0.971 0.00
yellow_cone 0.00 0 0.00 0.00 0.00 0.00 0.00 0.358 0.251 0.251 21.104 -14.258 -0.971 0.00
yellow_cone 0.00 0 0.00 0.00 0.00 0.00 0.00 0.358 0.251 0.251 20.279 -5.350 -0.971 0.00
yellow_cone 0.00 0 0.00 0.00 0.00 0.00 0.00 0.358 0.251 0.251 23.884 -8.066 -0.971 0.00
yellow_cone 0.00 0 0.00 0.00 0.00 0.00 0.00 0.358 0.251 0.251 30.411 -11.552 -0.971 0.00
yellow_cone 0.00 0 0.00 0.00 0.00 0.00 0.00 0.358 0.251 0.251 26.978 -10.291 -0.971 0.00
yellow_cone 0.00 0 0.00 0.00 0.00 0.00 0.00 0.358 0.251 0.251 33.486 -9.976 -0.971 0.00
yellow_cone 0.00 0 0.00 0.00 0.00 0.00 0.00 0.358 0.251 0.251 34.760 -6.973 -0.971 0.00
yellow_cone 0.00 0 0.00 0.00 0.00 0.00 0.00 0.358 0.251 0.251 31.336 -1.072 -0.971 0.00
yellow_cone 0.00 0 0.00 0.00 0.00 0.00 0.00 0.358 0.251 0.251 28.629 1.794 -0.971 0.00
yellow_cone 0.00 0 0.00 0.00 0.00 0.00 0.00 0.358 0.251 0.251 18.190 7.471 -0.971 0.00
yellow_cone 0.00 0 0.00 0.00 0.00 0.00 0.00 0.358 0.251 0.251 22.231 6.414 -0.971 0.00
yellow_cone 0.00 0 0.00 0.00 0.00 0.00 0.00 0.358 0.251 0.251 25.268 4.562 -0.971 0.00
yellow_cone 0.00 0 0.00 0.00 0.00 0.00 0.00 0.358 0.251 0.251 10.119 7.305 -0.971 0.00
yellow_cone 0.00 0 0.00 0.00 0.00 0.00 0.00 0.358 0.251 0.251 13.881 7.432 -0.971 0.00
yellow_cone 0.00 0 0.00 0.00 0.00 0.00 0.00 0.358 0.251 0.251 6.048 7.188 -0.971 0.00
yellow_cone 0.00 0 0.00 0.00 0.00 0.00 0.00 0.358 0.251 0.251 37.103 4.105 -0.971 0.00
yellow_cone 0.00 0 0.00 0.00 0.00 0.00 0.00 0.358 0.251 0.251 34.271 6.587 -0.971 0.00
yellow_cone 0.00 0 0.00 0.00 0.00 0.00 0.00 0.358 0.251 0.251 4.170 -1.986 -0.971 0.00
yellow_cone 0.00 0 0.00 0.00 0.00 0.00 0.00 0.358 0.251 0.251 31.137 9.240 -0.971 0.00
yellow_cone 0.00 0 0.00 0.00 0.00 0.00 0.00 0.358 0.251 0.251 25.071 14.301 -0.971 0.00
yellow_cone 0.00 0 0.00 0.00 0.00 0.00 0.00 0.358 0.251 0.251 27.990 12.146 -0.971 0.00
yellow_cone 0.00 0 0.00 0.00 0.00 0.00 0.00 0.358 0.251 0.251 18.860 15.008 -0.971 0.00
yellow_cone 0.00 0 0.00 0.00 0.00 0.00 0.00 0.358 0.251 0.251 11.398 16.510 -0.971 0.00
yellow_cone 0.00 0 0.00 0.00 0.00 0.00 0.00 0.358 0.251 0.251 8.092 17.627 -0.971 0.00
yellow_cone 0.00 0 0.00 0.00 0.00 0.00 0.00 0.358 0.251 0.251 14.891 15.203 -0.971 0.00
yellow_cone 0.00 0 0.00 0.00 0.00 0.00 0.00 0.358 0.251 0.251 22.274 14.872 -0.971 0.00
yellow_cone 0.00 0 0.00 0.00 0.00 0.00 0.00 0.358 0.251 0.251 29.420 25.839 -0.971 0.00
yellow_cone 0.00 0 0.00 0.00 0.00 0.00 0.00 0.358 0.251 0.251 26.697 28.636 -0.971 0.00
yellow_cone 0.00 0 0.00 0.00 0.00 0.00 0.00 0.358 0.251 0.251 33.849 -4.044 -0.971 0.00
blue_cone 0.00 0 0.00 0.00 0.00 0.00 0.00 0.358 0.251 0.251 3.995 -9.174 -0.971 0.00
blue_cone 0.00 0 0.00 0.00 0.00 0.00 0.00 0.358 0.251 0.251 7.072 -9.499 -0.971 0.00
blue_cone 0.00 0 0.00 0.00 0.00 0.00 0.00 0.358 0.251 0.251 8.104 -21.721 -0.971 0.00
blue_cone 0.00 0 0.00 0.00 0.00 0.00 0.00 0.358 0.251 0.251 9.753 -9.354 -0.971 0.00
blue_cone 0.00 0 0.00 0.00 0.00 0.00 0.00 0.358 0.251 0.251 11.955 -20.964 -0.971 0.00
blue_cone 0.00 0 0.00 0.00 0.00 0.00 0.00 0.358 0.251 0.251 15.517 -18.971 -0.971 0.00
blue_cone 0.00 0 0.00 0.00 0.00 0.00 0.00 0.358 0.251 0.251 15.443 -10.505 -0.971 0.00
blue_cone 0.00 0 0.00 0.00 0.00 0.00 0.00 0.358 0.251 0.251 17.034 -11.668 -0.971 0.00
blue_cone 0.00 0 0.00 0.00 0.00 0.00 0.00 0.358 0.251 0.251 13.154 -9.805 -0.971 0.00
blue_cone 0.00 0 0.00 0.00 0.00 0.00 0.00 0.358 0.251 0.251 17.971 -13.596 -0.971 0.00
blue_cone 0.00 0 0.00 0.00 0.00 0.00 0.00 0.358 0.251 0.251 17.346 -16.684 -0.971 0.00
blue_cone 0.00 0 0.00 0.00 0.00 0.00 0.00 0.358 0.251 0.251 21.973 -2.840 -0.971 0.00
blue_cone 0.00 0 0.00 0.00 0.00 0.00 0.00 0.358 0.251 0.251 17.386 -1.094 -0.971 0.00
blue_cone 0.00 0 0.00 0.00 0.00 0.00 0.00 0.358 0.251 0.251 25.624 -5.472 -0.971 0.00
blue_cone 0.00 0 0.00 0.00 0.00 0.00 0.00 0.358 0.251 0.251 28.444 -7.520 -0.971 0.00
blue_cone 0.00 0 0.00 0.00 0.00 0.00 0.00 0.358 0.251 0.251 30.794 -4.914 -0.971 0.00
blue_cone 0.00 0 0.00 0.00 0.00 0.00 0.00 0.358 0.251 0.251 27.464 -1.178 -0.971 0.00
blue_cone 0.00 0 0.00 0.00 0.00 0.00 0.00 0.358 0.251 0.251 24.446 1.494 -0.971 0.00
blue_cone 0.00 0 0.00 0.00 0.00 0.00 0.00 0.358 0.251 0.251 31.055 -7.323 -0.971 0.00
blue_cone 0.00 0 0.00 0.00 0.00 0.00 0.00 0.358 0.251 0.251 21.086 3.538 -0.971 0.00
blue_cone 0.00 0 0.00 0.00 0.00 0.00 0.00 0.358 0.251 0.251 18.246 4.493 -0.971 0.00
blue_cone 0.00 0 0.00 0.00 0.00 0.00 0.00 0.358 0.251 0.251 12.804 -0.322 -0.971 0.00
blue_cone 0.00 0 0.00 0.00 0.00 0.00 0.00 0.358 0.251 0.251 14.248 4.639 -0.971 0.00
blue_cone 0.00 0 0.00 0.00 0.00 0.00 0.00 0.358 0.251 0.251 10.163 4.460 -0.971 0.00
blue_cone 0.00 0 0.00 0.00 0.00 0.00 0.00 0.358 0.251 0.251 8.664 0.169 -0.971 0.00
blue_cone 0.00 0 0.00 0.00 0.00 0.00 0.00 0.358 0.251 0.251 6.122 4.454 -0.971 0.00
blue_cone 0.00 0 0.00 0.00 0.00 0.00 0.00 0.358 0.251 0.251 4.584 0.466 -0.971 0.00
blue_cone 0.00 0 0.00 0.00 0.00 0.00 0.00 0.358 0.251 0.251 1.591 4.648 -0.971 0.00
blue_cone 0.00 0 0.00 0.00 0.00 0.00 0.00 0.358 0.251 0.251 19.311 18.012 -0.971 0.00
blue_cone 0.00 0 0.00 0.00 0.00 0.00 0.00 0.358 0.251 0.251 16.314 18.441 -0.971 0.00
blue_cone 0.00 0 0.00 0.00 0.00 0.00 0.00 0.358 0.251 0.251 12.538 19.312 -0.971 0.00
blue_cone 0.00 0 0.00 0.00 0.00 0.00 0.00 0.358 0.251 0.251 9.287 20.113 -0.971 0.00
blue_cone 0.00 0 0.00 0.00 0.00 0.00 0.00 0.358 0.251 0.251 22.604 17.815 -0.971 0.00
blue_cone 0.00 0 0.00 0.00 0.00 0.00 0.00 0.358 0.251 0.251 26.321 16.903 -0.971 0.00
blue_cone 0.00 0 0.00 0.00 0.00 0.00 0.00 0.358 0.251 0.251 35.971 9.138 -0.971 0.00
blue_cone 0.00 0 0.00 0.00 0.00 0.00 0.00 0.358 0.251 0.251 30.291 13.671 -0.971 0.00
blue_cone 0.00 0 0.00 0.00 0.00 0.00 0.00 0.358 0.251 0.251 33.043 11.690 -0.971 0.00
blue_cone 0.00 0 0.00 0.00 0.00 0.00 0.00 0.358 0.251 0.251 38.740 7.125 -0.971 0.00
blue_cone 0.00 0 0.00 0.00 0.00 0.00 0.00 0.358 0.251 0.251 31.451 21.533 -0.971 0.00
blue_cone 0.00 0 0.00 0.00 0.00 0.00 0.00 0.358 0.251 0.251 34.184 19.905 -0.971 0.00
blue_cone 0.00 0 0.00 0.00 0.00 0.00 0.00 0.358 0.251 0.251 28.230 23.269 -0.971 0.00
blue_cone 0.00 0 0.00 0.00 0.00 0.00 0.00 0.358 0.251 0.251 25.254 25.789 -0.971 0.00
blue_cone 0.00 0 0.00 0.00 0.00 0.00 0.00 0.358 0.251 0.251 23.325 29.076 -0.971 0.00
blue_cone 0.00 0 0.00 0.00 0.00 0.00 0.00 0.358 0.251 0.251 22.821 32.834 -0.971 0.00
blue_cone 0.00 0 0.00 0.00 0.00 0.00 0.00 0.358 0.251 0.251 11.875 36.309 -0.971 0.00
orange_cone 0.00 0 854.929 997.532 956.509 1119.877 0.00 0.00 0.00 0.00 0.00 0.00 0.00
orange_cone 0.00 0 1884.917 1028.813 1997.681 1158.490 0.00 0.00 0.00 0.00 0.00 0.00 0.00
orange_cone 0.00 0 1591.241 892.114 1649.551 956.578 0.00 0.00 0.00 0.00 0.00 0.00 0.00
orange_cone 0.00 0 1017.699 890.487 1066.670 950.730 0.00 0.00 0.00 0.00 0.00 0.00 0.00
orange_cone 0.00 0 1508.380 846.128 1546.074 887.823 0.00 0.00 0.00 0.00 0.00 0.00 0.00
blue_cone 0.00 0 288.167 854.711 331.387 905.327 0.00 0.00 0.00 0.00 0.00 0.00 0.00
yellow_cone 0.00 0 1933.426 850.715 1968.591 892.268 0.00 0.00 0.00 0.00 0.00 0.00 0.00
blue_cone 0.00 0 479.099 828.327 510.792 864.007 0.00 0.00 0.00 0.00 0.00 0.00 0.00
orange_cone 0.00 0 1478.800 824.376 1509.405 856.470 0.00 0.00 0.00 0.00 0.00 0.00 0.00
yellow_cone 0.00 0 1844.048 825.403 1873.408 857.512 0.00 0.00 0.00 0.00 0.00 0.00 0.00
orange_cone 0.00 0 139.660 822.065 171.569 858.129 0.00 0.00 0.00 0.00 0.00 0.00 0.00
blue_cone 0.00 0 619.181 809.061 643.465 836.865 0.00 0.00 0.00 0.00 0.00 0.00 0.00
yellow_cone 0.00 0 341.030 807.518 367.856 836.269 0.00 0.00 0.00 0.00 0.00 0.00 0.00
orange_cone 0.00 0 1907.091 817.031 1932.334 845.622 0.00 0.00 0.00 0.00 0.00 0.00 0.00
orange_cone 0.00 0 1645.185 802.408 1664.813 825.876 0.00 0.00 0.00 0.00 0.00 0.00 0.00
orange_cone 0.00 0 1132.329 790.946 1150.229 810.043 0.00 0.00 0.00 0.00 0.00 0.00 0.00
yellow_cone 0.00 0 309.354 787.034 324.304 803.545 0.00 0.00 0.00 0.00 0.00 0.00 0.00
yellow_cone 0.00 0 1717.254 795.750 1736.725 818.577 0.00 0.00 0.00 0.00 0.00 0.00 0.00
blue_cone 0.00 0 274.571 780.276 288.852 796.540 0.00 0.00 0.00 0.00 0.00 0.00 0.00
orange_cone 0.00 0 1337.780 788.892 1354.555 809.054 0.00 0.00 0.00 0.00 0.00 0.00 0.00
yellow_cone 0.00 0 547.237 797.630 566.669 819.964 0.00 0.00 0.00 0.00 0.00 0.00 0.00
orange_cone 0.00 0 1281.066 803.442 1302.273 828.954 0.00 0.00 0.00 0.00 0.00 0.00 0.00
orange_cone 0.00 0 73.700 774.309 87.606 790.189 0.00 0.00 0.00 0.00 0.00 0.00 0.00
orange_cone 0.00 0 532.403 780.795 545.883 797.515 0.00 0.00 0.00 0.00 0.00 0.00 0.00
blue_cone 0.00 0 753.537 801.690 775.027 825.872 0.00 0.00 0.00 0.00 0.00 0.00 0.00
orange_cone 0.00 0 948.978 794.538 968.840 817.915 0.00 0.00 0.00 0.00 0.00 0.00 0.00
orange_cone 0.00 0 947.196 791.652 965.888 815.398 0.00 0.00 0.00 0.00 0.00 0.00 0.00
orange_cone 0.00 0 1440.407 795.680 1459.636 817.452 0.00 0.00 0.00 0.00 0.00 0.00 0.00
orange_cone 0.00 0 593.538 772.511 604.314 786.362 0.00 0.00 0.00 0.00 0.00 0.00 0.00
orange_cone 0.00 0 1096.833 840.775 1134.604 883.914 0.00 0.00 0.00 0.00 0.00 0.00 0.00
orange_cone 0.00 0 737.468 782.136 753.935 805.848 0.00 0.00 0.00 0.00 0.00 0.00 0.00
yellow_cone 0.00 0 855.498 774.875 868.316 790.672 0.00 0.00 0.00 0.00 0.00 0.00 0.00
orange_cone 0.00 0 784.510 774.980 796.546 788.565 0.00 0.00 0.00 0.00 0.00 0.00 0.00
yellow_cone 0.00 0 927.091 776.526 939.699 790.062 0.00 0.00 0.00 0.00 0.00 0.00 0.00
unknown_cone 0.00 0 1096.970 840.731 1135.104 884.175 0.00 0.00 0.00 0.00 0.00 0.00 0.00
yellow_cone 0.00 0 1418.666 785.297 1433.213 801.252 0.00 0.00 0.00 0.00 0.00 0.00 0.00
