yellow_cone 0.00 0 0.00 0.00 0.00 0.00 0.00 0.358 0.251 0.251 12.320 15.274 -0.971 0.00
yellow_cone 0.00 0 0.00 0.00 0.00 0.00 0.00 0.358 0.251 0.251 16.497 13.565 -0.971 0.00
yellow_cone 0.00 0 0.00 0.00 0.00 0.00 0.00 0.358 0.251 0.251 20.206 10.941 -0.971 0.00
yellow_cone 0.00 0 0.00 0.00 0.00 0.00 0.00 0.358 0.251 0.251 22.854 7.634 -0.971 0.00
yellow_cone 0.00 0 0.00 0.00 0.00 0.00 0.00 0.358 0.251 0.251 1.675 -2.453 -0.971 0.00
yellow_cone 0.00 0 0.00 0.00 0.00 0.00 0.00 0.358 0.251 0.251 7.873 15.880 -0.971 0.00
yellow_cone 0.00 0 0.00 0.00 0.00 0.00 0.00 0.358 0.251 0.251 12.193 -30.959 -0.971 0.00
yellow_cone 0.00 0 0.00 0.00 0.00 0.00 0.00 0.358 0.251 0.251 10.884 -34.926 -0.971 0.00
yellow_cone 0.00 0 0.00 0.00 0.00 0.00 0.00 0.358 0.251 0.251 12.534 -22.894 -0.971 0.00
yellow_cone 0.00 0 0.00 0.00 0.00 0.00 0.00 0.358 0.251 0.251 12.424 -26.656 -0.971 0.00
yellow_cone 0.00 0 0.00 0.00 0.00 0.00 0.00 0.358 0.251 0.251 12.673 -18.823 -0.971 0.00
yellow_cone 0.00 0 0.00 0.00 0.00 0.00 0.00 0.358 0.251 0.251 13.239 -14.763 -0.971 0.00
yellow_cone 0.00 0 0.00 0.00 0.00 0.00 0.00 0.358 0.251 0.251 3.963 -12.430 -0.971 0.00
yellow_cone 0.00 0 0.00 0.00 0.00 0.00 0.00 0.358 0.251 0.251 4.194 -8.210 -0.971 0.00
yellow_cone 0.00 0 0.00 0.00 0.00 0.00 0.00 0.358 0.251 0.251 19.673 -32.101 -0.971 0.00
yellow_cone 0.00 0 0.00 0.00 0.00 0.00 0.00 0.358 0.251 0.251 3.951 -4.244 -0.971 0.00
yellow_cone 0.00 0 0.00 0.00 0.00 0.00 0.00 0.358 0.251 0.251 14.868 -11.544 -0.971 0.00
yellow_cone 0.00 0 0.00 0.00 0.00 0.00 0.00 0.358 0.251 0.251 21.641 -24.749 -0.971 0.00
yellow_cone 0.00 0 0.00 0.00 0.00 0.00 0.00 0.358 0.251 0.251 22.963 -21.519 -0.971 0.00
yellow_cone 0.00 0 0.00 0.00 0.00 0.00 0.00 0.358 0.251 0.251 20.116 -28.152 -0.971 0.00
yellow_cone 0.00 0 0.00 0.00 0.00 0.00 0.00 0.358 0.251 0.251 19.692 -9.938 -0.971 0.00
yellow_cone 0.00 0 0.00 0.00 0.00 0.00 0.00 0.358 0.251 0.251 23.892 -14.068 -0.971 0.00
yellow_cone 0.00 0 0.00 0.00 0.00 0.00 0.00 0.358 0.251 0.251 16.696 -10.020 -0.971 0.00
yellow_cone 0.00 0 0.00 0.00 0.00 0.00 0.00 0.358 0.251 0.251 22.153 -11.447 -0.971 0.00
yellow_cone 0.00 0 0.00 0.00 0.00 0.00 0.00 0.358 0.251 0.251 26.448 2.340 -0.971 0.00
yellow_cone 0.00 0 0.00 0.00 0.00 0.00 0.00 0.358 0.251 0.251 24.117 -18.223 -0.971 0.00
yellow_cone 0.00 0 0.00 0.00 0.00 0.00 0.00 0.358 0.251 0.251 29.954 -3.280 -0.971 0.00
yellow_cone 0.00 0 0.00 0.00 0.00 0.00 0.00 0.358 0.251 0.251 33.337 -8.647 -0.971 0.00
yellow_cone 0.00 0 0.00 0.00 0.00 0.00 0.00 0.358 0.251 0.251 36.968 -14.729 -0.971 0.00
blue_cone 0.00 0 0.00 0.00 0.00 0.00 0.00 0.358 0.251 0.251 3.537 12.846 -0.971 0.00
blue_cone 0.00 0 0.00 0.00 0.00 0.00 0.00 0.358 0.251 0.251 1.838 0.791 -0.971 0.00
blue_cone 0.00 0 0.00 0.00 0.00 0.00 0.00 0.358 0.251 0.251 7.521 12.743 -0.971 0.00
blue_cone 0.00 0 0.00 0.00 0.00 0.00 0.00 0.358 0.251 0.251 5.147 -0.556 -0.971 0.00
blue_cone 0.00 0 0.00 0.00 0.00 0.00 0.00 0.358 0.251 0.251 11.462 12.433 -0.971 0.00
blue_cone 0.00 0 0.00 0.00 0.00 0.00 0.00 0.358 0.251 0.251 15.178 10.894 -0.971 0.00
blue_cone 0.00 0 0.00 0.00 0.00 0.00 0.00 0.358 0.251 0.251 18.067 9.084 -0.971 0.00
blue_cone 0.00 0 0.00 0.00 0.00 0.00 0.00 0.358 0.251 0.251 20.288 6.352 -0.971 0.00
blue_cone 0.00 0 0.00 0.00 0.00 0.00 0.00 0.358 0.251 0.251 9.217 -30.828 -0.971 0.00
blue_cone 0.00 0 0.00 0.00 0.00 0.00 0.00 0.358 0.251 0.251 9.614 -26.847 -0.971 0.00
blue_cone 0.00 0 0.00 0.00 0.00 0.00 0.00 0.358 0.251 0.251 9.692 -22.759 -0.971 0.00
blue_cone 0.00 0 0.00 0.00 0.00 0.00 0.00 0.358 0.251 0.251 9.939 -18.725 -0.971 0.00
blue_cone 0.00 0 0.00 0.00 0.00 0.00 0.00 0.358 0.251 0.251 6.056 -16.939 -0.971 0.00
blue_cone 0.00 0 0.00 0.00 0.00 0.00 0.00 0.358 0.251 0.251 6.292 -12.607 -0.971 0.00
blue_cone 0.00 0 0.00 0.00 0.00 0.00 0.00 0.358 0.251 0.251 10.418 -14.215 -0.971 0.00
blue_cone 0.00 0 0.00 0.00 0.00 0.00 0.00 0.358 0.251 0.251 6.769 -8.876 -0.971 0.00
blue_cone 0.00 0 0.00 0.00 0.00 0.00 0.00 0.358 0.251 0.251 22.643 -32.740 -0.971 0.00
blue_cone 0.00 0 0.00 0.00 0.00 0.00 0.00 0.358 0.251 0.251 12.307 -10.407 -0.971 0.00
blue_cone 0.00 0 0.00 0.00 0.00 0.00 0.00 0.358 0.251 0.251 6.945 -4.197 -0.971 0.00
blue_cone 0.00 0 0.00 0.00 0.00 0.00 0.00 0.358 0.251 0.251 23.258 -29.776 -0.971 0.00
blue_cone 0.00 0 0.00 0.00 0.00 0.00 0.00 0.358 0.251 0.251 24.365 -26.062 -0.971 0.00
blue_cone 0.00 0 0.00 0.00 0.00 0.00 0.00 0.358 0.251 0.251 18.394 -6.827 -0.971 0.00
blue_cone 0.00 0 0.00 0.00 0.00 0.00 0.00 0.358 0.251 0.251 15.220 -7.546 -0.971 0.00
blue_cone 0.00 0 0.00 0.00 0.00 0.00 0.00 0.358 0.251 0.251 24.012 -9.132 -0.971 0.00
blue_cone 0.00 0 0.00 0.00 0.00 0.00 0.00 0.358 0.251 0.251 21.091 -7.355 -0.971 0.00
blue_cone 0.00 0 0.00 0.00 0.00 0.00 0.00 0.358 0.251 0.251 25.702 -11.812 -0.971 0.00
blue_cone 0.00 0 0.00 0.00 0.00 0.00 0.00 0.358 0.251 0.251 24.061 0.615 -0.971 0.00
blue_cone 0.00 0 0.00 0.00 0.00 0.00 0.00 0.358 0.251 0.251 26.886 -15.243 -0.971 0.00
blue_cone 0.00 0 0.00 0.00 0.00 0.00 0.00 0.358 0.251 0.251 27.479 -5.022 -0.971 0.00
blue_cone 0.00 0 0.00 0.00 0.00 0.00 0.00 0.358 0.251 0.251 30.959 -10.359 -0.971 0.00
blue_cone 0.00 0 0.00 0.00 0.00 0.00 0.00 0.358 0.251 0.251 26.687 -18.529 -0.971 0.00
blue_cone 0.00 0 0.00 0.00 0.00 0.00 0.00 0.358 0.251 0.251 25.369 -22.868 -0.971 0.00
blue_cone 0.00 0 0.00 0.00 0.00 0.00 0.00 0.358 0.251 0.251 34.669 -15.833 -0.971 0.00
blue_cone 0.00 0 1169.590 965.798 1251.796 1074.298 0.00 0.00 0.00 0.00 0.00 0.00 0.00
blue_cone 0.00 0 172.138 1318.155 276.298 1503.953 0.00 0.00 0.00 0.00 0.00 0.00 0.00
blue_cone 0.00 0 1928.510 837.222 1959.073 868.925 0.00 0.00 0.00 0.00 0.00 0.00 0.00
yellow_cone 0.00 0 77.711 768.087 100.222 794.115 0.00 0.00 0.00 0.00 0.00 0.00 0.00
blue_cone 0.00 0 1715.568 816.101 1739.805 843.981 0.00 0.00 0.00 0.00 0.00 0.00 0.00
orange_cone 0.00 0 137.206 775.922 160.301 803.153 0.00 0.00 0.00 0.00 0.00 0.00 0.00
yellow_cone 0.00 0 885.953 775.954 902.547 796.466 0.00 0.00 0.00 0.00 0.00 0.00 0.00
yellow_cone 0.00 0 987.888 781.789 1006.216 803.980 0.00 0.00 0.00 0.00 0.00 0.00 0.00
yellow_cone 0.00 0 1950.252 815.423 1974.396 841.967 0.00 0.00 0.00 0.00 0.00 0.00 0.00
orange_cone 0.00 0 454.646 776.499 477.796 802.571 0.00 0.00 0.00 0.00 0.00 0.00 0.00
orange_cone 0.00 0 1362.108 786.563 1377.236 804.769 0.00 0.00 0.00 0.00 0.00 0.00 0.00
blue_cone 0.00 0 0.270 1244.127 104.694 1500.304 0.00 0.00 0.00 0.00 0.00 0.00 0.00
orange_cone 0.00 0 1245.359 778.487 1260.557 797.088 0.00 0.00 0.00 0.00 0.00 0.00 0.00
blue_cone 0.00 0 2030.214 800.910 2047.170 821.952 0.00 0.00 0.00 0.00 0.00 0.00 0.00
yellow_cone 0.00 0 1958.975 810.965 1983.091 837.333 0.00 0.00 0.00 0.00 0.00 0.00 0.00
blue_cone 0.00 0 1738.183 799.508 1757.430 822.803 0.00 0.00 0.00 0.00 0.00 0.00 0.00
orange_cone 0.00 0 1641.616 786.449 1655.505 803.756 0.00 0.00 0.00 0.00 0.00 0.00 0.00
large_orange_cone 0.00 0 1846.011 797.632 1866.190 820.143 0.00 0.00 0.00 0.00 0.00 0.00 0.00
blue_cone 0.00 0 1682.817 804.846 1704.488 829.399 0.00 0.00 0.00 0.00 0.00 0.00 0.00
yellow_cone 0.00 0 1035.655 809.152 1060.539 832.581 0.00 0.00 0.00 0.00 0.00 0.00 0.00
orange_cone 0.00 0 1520.569 782.564 1533.829 798.411 0.00 0.00 0.00 0.00 0.00 0.00 0.00
large_orange_cone 0.00 0 1914.938 781.494 1927.698 796.419 0.00 0.00 0.00 0.00 0.00 0.00 0.00
