blue_cone 0.00 0 0.00 0.00 0.00 0.00 0.00 0.358 0.251 0.251 2.783 4.319 -0.971 0.00
blue_cone 0.00 0 0.00 0.00 0.00 0.00 0.00 0.358 0.251 0.251 6.665 -3.394 -0.971 0.00
blue_cone 0.00 0 0.00 0.00 0.00 0.00 0.00 0.358 0.251 0.251 8.668 -7.483 -0.971 0.00
blue_cone 0.00 0 0.00 0.00 0.00 0.00 0.00 0.358 0.251 0.251 10.589 -11.601 -0.971 0.00
yellow_cone 0.00 0 0.00 0.00 0.00 0.00 0.00 0.358 0.251 0.251 11.253 -6.170 -0.971 0.00
yellow_cone 0.00 0 0.00 0.00 0.00 0.00 0.00 0.358 0.251 0.251 13.381 -10.118 -0.971 0.00
yellow_cone 0.00 0 0.00 0.00 0.00 0.00 0.00 0.358 0.251 0.251 5.335 5.616 -0.971 0.00
yellow_cone 0.00 0 0.00 0.00 0.00 0.00 0.00 0.358 0.251 0.251 3.423 9.416 -0.971 0.00
yellow_cone 0.00 0 0.00 1416.97 862.08 1472.35 925.05 0.358 0.251 0.251 9.114 -1.932 -0.971 0.00
orange_cone 0.00 0 0.00 820.34 1000.81 924.22 1128.46 0.358 0.251 0.251 4.388 0.408 -0.971 0.00
orange_cone 0.00 0 0.00 562.67 897.72 621.07 970.38 0.358 0.251 0.251 7.129 1.808 -0.971 0.00
yellow_cone 0.00 0 0.00 1933.25 906.80 2009.96 992.35 0.00 0.00 0.00 0.00 0.00 0.00 0.00
orange_cone 0.00 0 0.00 1994.88 847.22 2038.78 893.75 0.00 0.00 0.00 0.00 0.00 0.00 0.00