blue_cone 0.00 0 0.00 0.00 0.00 0.00 0.00 0.358 0.251 0.251 2.783 4.323 -0.971 0.00
blue_cone 0.00 0 0.00 0.00 0.00 0.00 0.00 0.358 0.251 0.251 6.665 -3.389 -0.971 0.00
blue_cone 0.00 0 0.00 0.00 0.00 0.00 0.00 0.358 0.251 0.251 8.668 -7.478 -0.971 0.00
blue_cone 0.00 0 0.00 0.00 0.00 0.00 0.00 0.358 0.251 0.251 10.589 -11.597 -0.971 0.00
yellow_cone 0.00 0 0.00 0.00 0.00 0.00 0.00 0.358 0.251 0.251 11.253 -6.166 -0.971 0.00
yellow_cone 0.00 0 0.00 0.00 0.00 0.00 0.00 0.358 0.251 0.251 13.381 -10.114 -0.971 0.00
yellow_cone 0.00 0 0.00 0.00 0.00 0.00 0.00 0.358 0.251 0.251 5.335 5.621 -0.971 0.00
yellow_cone 0.00 0 0.00 0.00 0.00 0.00 0.00 0.358 0.251 0.251 3.424 9.421 -0.971 0.00
yellow_cone 0.00 0 0.00 1417.19 862.19 1472.18 925.16 0.358 0.251 0.251 9.115 -1.927 -0.971 0.00
orange_cone 0.00 0 0.00 819.79 1000.28 924.23 1128.33 0.358 0.251 0.251 4.389 0.413 -0.971 0.00
orange_cone 0.00 0 0.00 562.47 897.92 621.22 970.49 0.358 0.251 0.251 7.156 1.886 -0.971 0.00
yellow_cone 0.00 0 0.00 1933.59 906.43 2010.24 992.53 0.00 0.00 0.00 0.00 0.00 0.00 0.00
orange_cone 0.00 0 0.00 1994.53 847.11 2038.86 893.83 0.00 0.00 0.00 0.00 0.00 0.00 0.00