blue_cone 0.00 0 0.00 0.00 0.00 0.00 0.00 0.358 0.251 0.251 2.783 4.321 -0.971 0.00
blue_cone 0.00 0 0.00 0.00 0.00 0.00 0.00 0.358 0.251 0.251 6.661 -3.393 -0.971 0.00
blue_cone 0.00 0 0.00 0.00 0.00 0.00 0.00 0.358 0.251 0.251 8.663 -7.483 -0.971 0.00
blue_cone 0.00 0 0.00 0.00 0.00 0.00 0.00 0.358 0.251 0.251 10.582 -11.602 -0.971 0.00
yellow_cone 0.00 0 0.00 0.00 0.00 0.00 0.00 0.358 0.251 0.251 11.248 -6.172 -0.971 0.00
yellow_cone 0.00 0 0.00 0.00 0.00 0.00 0.00 0.358 0.251 0.251 13.375 -10.121 -0.971 0.00
yellow_cone 0.00 0 0.00 0.00 0.00 0.00 0.00 0.358 0.251 0.251 5.336 5.617 -0.971 0.00
yellow_cone 0.00 0 0.00 0.00 0.00 0.00 0.00 0.358 0.251 0.251 3.426 9.419 -0.971 0.00
yellow_cone 0.00 0 0.00 1417.07 862.30 1472.63 924.84 0.358 0.251 0.251 9.112 -1.932 -0.971 0.00
orange_cone 0.00 0 0.00 819.58 1000.67 924.58 1128.35 0.358 0.251 0.251 4.387 0.410 -0.971 0.00
orange_cone 0.00 0 0.00 563.01 897.90 621.35 970.07 0.358 0.251 0.251 7.128 1.809 -0.971 0.00
yellow_cone 0.00 0 0.00 1933.93 906.73 2009.45 992.21 0.00 0.00 0.00 0.00 0.00 0.00 0.00
orange_cone 0.00 0 0.00 1995.23 847.06 2038.90 893.55 0.00 0.00 0.00 0.00 0.00 0.00 0.00