blue_cone 0.00 0 0.00 0.00 0.00 0.00 0.00 0.358 0.251 0.251 13.922 9.130 -0.971 0.00
blue_cone 0.00 0 0.00 0.00 0.00 0.00 0.00 0.358 0.251 0.251 14.303 13.248 -0.971 0.00
blue_cone 0.00 0 0.00 0.00 0.00 0.00 0.00 0.358 0.251 0.251 13.889 17.110 -0.971 0.00
blue_cone 0.00 0 0.00 0.00 0.00 0.00 0.00 0.358 0.251 0.251 12.476 19.497 -0.971 0.00
blue_cone 0.00 0 0.00 0.00 0.00 0.00 0.00 0.358 0.251 0.251 10.206 21.250 -0.971 0.00
blue_cone 0.00 0 0.00 0.00 0.00 0.00 0.00 0.358 0.251 0.251 25.131 28.153 -0.971 0.00
blue_cone 0.00 0 0.00 0.00 0.00 0.00 0.00 0.358 0.251 0.251 12.829 33.249 -0.971 0.00
blue_cone 0.00 0 0.00 0.00 0.00 0.00 0.00 0.358 0.251 0.251 17.187 31.683 -0.971 0.00
blue_cone 0.00 0 0.00 0.00 0.00 0.00 0.00 0.358 0.251 0.251 21.291 30.025 -0.971 0.00
blue_cone 0.00 0 0.00 0.00 0.00 0.00 0.00 0.358 0.251 0.251 6.523 21.803 -0.971 0.00
blue_cone 0.00 0 0.00 0.00 0.00 0.00 0.00 0.358 0.251 0.251 28.968 27.534 -0.971 0.00
yellow_cone 0.00 0 0.00 0.00 0.00 0.00 0.00 0.358 0.251 0.251 17.120 13.067 -0.971 0.00
yellow_cone 0.00 0 0.00 0.00 0.00 0.00 0.00 0.358 0.251 0.251 16.736 17.851 -0.971 0.00
yellow_cone 0.00 0 0.00 0.00 0.00 0.00 0.00 0.358 0.251 0.251 6.858 24.907 -0.971 0.00
yellow_cone 0.00 0 0.00 0.00 0.00 0.00 0.00 0.358 0.251 0.251 15.018 21.876 -0.971 0.00
yellow_cone 0.00 0 0.00 0.00 0.00 0.00 0.00 0.358 0.251 0.251 24.422 25.408 -0.971 0.00
yellow_cone 0.00 0 0.00 0.00 0.00 0.00 0.00 0.358 0.251 0.251 15.947 29.080 -0.971 0.00
yellow_cone 0.00 0 0.00 0.00 0.00 0.00 0.00 0.358 0.251 0.251 11.453 24.271 -0.971 0.00
yellow_cone 0.00 0 0.00 0.00 0.00 0.00 0.00 0.358 0.251 0.251 20.198 27.219 -0.971 0.00
yellow_cone 0.00 0 0.00 0.00 0.00 0.00 0.00 0.358 0.251 0.251 11.985 30.329 -0.971 0.00
yellow_cone 0.00 0 0.00 0.00 0.00 0.00 0.00 0.358 0.251 0.251 28.739 24.624 -0.971 0.00
blue_cone 0.00 0 0.00 152.83 1086.99 288.30 1264.51 0.358 0.251 0.251 3.067 1.613 -0.971 0.00
yellow_cone 0.00 0 0.00 1151.54 893.25 1217.36 959.05 0.358 0.251 0.251 3.623 -1.589 -0.971 0.00
yellow_cone 0.00 0 0.00 1723.15 1043.02 1866.38 1197.56 0.358 0.251 0.251 8.006 -0.696 -0.971 0.00
blue_cone 0.00 0 0.00 376.14 919.16 443.03 998.04 0.358 0.251 0.251 6.670 2.380 -0.971 0.00
blue_cone 0.00 0 0.00 400.58 862.93 446.13 915.07 0.358 0.251 0.251 9.823 3.439 -0.971 0.00
blue_cone 0.00 0 0.00 292.50 836.90 329.79 878.58 0.358 0.251 0.251 12.604 5.360 -0.971 0.00
yellow_cone 0.00 0 0.00 147.11 816.77 174.04 846.43 0.358 0.251 0.251 16.783 8.548 -0.971 0.00
yellow_cone 0.00 0 0.00 509.75 821.50 539.96 855.66 0.358 0.251 0.251 15.483 4.479 -0.971 0.00
yellow_cone 0.00 0 0.00 864.67 842.71 904.51 885.48 0.358 0.251 0.251 12.237 1.094 -0.971 0.00