blue_cone 0.00 0 0.00 0.00 0.00 0.00 0.00 0.358 0.251 0.251 3.298 4.490 -0.971 0.00
blue_cone 0.00 0 0.00 0.00 0.00 0.00 0.00 0.358 0.251 0.251 5.054 0.645 -0.971 0.00
blue_cone 0.00 0 0.00 0.00 0.00 0.00 0.00 0.358 0.251 0.251 7.476 -3.066 -0.971 0.00
blue_cone 0.00 0 0.00 0.00 0.00 0.00 0.00 0.358 0.251 0.251 9.636 -7.074 -0.971 0.00
blue_cone 0.00 0 0.00 0.00 0.00 0.00 0.00 0.358 0.251 0.251 11.715 -11.115 -0.971 0.00
yellow_cone 0.00 0 0.00 0.00 0.00 0.00 0.00 0.358 0.251 0.251 7.738 2.150 -0.971 0.00
yellow_cone 0.00 0 0.00 0.00 0.00 0.00 0.00 0.358 0.251 0.251 12.168 -5.663 -0.971 0.00
yellow_cone 0.00 0 0.00 0.00 0.00 0.00 0.00 0.358 0.251 0.251 14.447 -9.526 -0.971 0.00
yellow_cone 0.00 0 0.00 0.00 0.00 0.00 0.00 0.358 0.251 0.251 5.798 5.886 -0.971 0.00
yellow_cone 0.00 0 0.00 0.00 0.00 0.00 0.00 0.358 0.251 0.251 9.867 -1.510 -0.971 0.00
yellow_cone 0.00 0 0.00 0.00 0.00 0.00 0.00 0.358 0.251 0.251 3.741 9.609 -0.971 0.00
orange_cone 0.00 0 0.00 770.27 967.74 863.97 1076.42 0.00 0.00 0.00 0.00 0.00 0.00 0.00
yellow_cone 0.00 0 0.00 1770.55 890.89 1838.47 968.17 0.00 0.00 0.00 0.00 0.00 0.00 0.00
yellow_cone 0.00 0 0.00 1315.36 853.66 1367.06 912.18 0.00 0.00 0.00 0.00 0.00 0.00 0.00
orange_cone 0.00 0 0.00 1857.64 841.13 1897.67 884.29 0.00 0.00 0.00 0.00 0.00 0.00 0.00
large_orange_cone 0.00 0 0.00 526.93 885.69 580.19 952.47 0.00 0.00 0.00 0.00 0.00 0.00 0.00
orange_cone 0.00 0 0.00 527.69 885.72 579.24 952.60 0.00 0.00 0.00 0.00 0.00 0.00 0.00