blue_cone 0.00 0 0.00 0.00 0.00 0.00 0.00 0.358 0.251 0.251 18.869 11.923 -0.971 0.00
blue_cone 0.00 0 0.00 0.00 0.00 0.00 0.00 0.358 0.251 0.251 20.639 18.759 -0.971 0.00
blue_cone 0.00 0 0.00 0.00 0.00 0.00 0.00 0.358 0.251 0.251 20.219 14.339 -0.971 0.00
blue_cone 0.00 0 0.00 0.00 0.00 0.00 0.00 0.358 0.251 0.251 20.840 22.438 -0.971 0.00
blue_cone 0.00 0 0.00 0.00 0.00 0.00 0.00 0.358 0.251 0.251 20.641 25.758 -0.971 0.00
blue_cone 0.00 0 0.00 0.00 0.00 0.00 0.00 0.358 0.251 0.251 19.513 28.944 -0.971 0.00
blue_cone 0.00 0 0.00 0.00 0.00 0.00 0.00 0.358 0.251 0.251 16.218 31.201 -0.971 0.00
blue_cone 0.00 0 0.00 0.00 0.00 0.00 0.00 0.358 0.251 0.251 12.343 32.644 -0.971 0.00
yellow_cone 0.00 0 0.00 0.00 0.00 0.00 0.00 0.358 0.251 0.251 13.253 35.316 -0.971 0.00
yellow_cone 0.00 0 0.00 0.00 0.00 0.00 0.00 0.358 0.251 0.251 23.535 27.476 -0.971 0.00
yellow_cone 0.00 0 0.00 0.00 0.00 0.00 0.00 0.358 0.251 0.251 23.876 18.460 -0.971 0.00
yellow_cone 0.00 0 0.00 0.00 0.00 0.00 0.00 0.358 0.251 0.251 17.528 33.810 -0.971 0.00
yellow_cone 0.00 0 0.00 0.00 0.00 0.00 0.00 0.358 0.251 0.251 24.159 22.924 -0.971 0.00
yellow_cone 0.00 0 0.00 0.00 0.00 0.00 0.00 0.358 0.251 0.251 3.147 -1.588 -0.971 0.00
yellow_cone 0.00 0 0.00 0.00 0.00 0.00 0.00 0.358 0.251 0.251 21.115 31.493 -0.971 0.00
blue_cone 0.00 0 0.00 66.50 1207.80 282.90 1447.67 0.358 0.251 0.251 2.081 1.190 -0.971 0.00
yellow_cone 0.00 0 0.00 1026.15 891.99 1090.10 960.46 0.358 0.251 0.251 7.753 -0.088 -0.971 0.00
blue_cone 0.00 0 0.00 310.90 912.26 377.23 992.71 0.358 0.251 0.251 6.531 2.596 -0.971 0.00
blue_cone 0.00 0 0.00 235.92 858.85 279.70 908.64 0.358 0.251 0.251 10.393 4.786 -0.971 0.00
yellow_cone 0.00 0 0.00 711.05 851.54 751.43 896.68 0.358 0.251 0.251 11.654 2.098 -0.971 0.00
yellow_cone 0.00 0 0.00 528.36 821.13 556.46 854.91 0.358 0.251 0.251 16.102 4.490 -0.971 0.00
yellow_cone 0.00 0 0.00 401.57 810.36 425.64 839.42 0.358 0.251 0.251 18.839 6.761 -0.971 0.00
blue_cone 0.00 0 0.00 173.30 826.10 204.53 860.79 0.358 0.251 0.251 14.822 7.331 -0.971 0.00
blue_cone 0.00 0 0.00 93.00 816.65 118.84 846.63 0.358 0.251 0.251 17.227 9.472 -0.971 0.00
yellow_cone 0.00 0 0.00 219.41 804.91 238.19 827.57 0.358 0.251 0.251 21.579 9.984 -0.971 0.00
yellow_cone 0.00 0 0.00 0.50 800.57 14.81 820.54 0.358 0.251 0.251 23.098 14.014 -0.971 0.00
yellow_cone 0.00 0 0.00 1801.40 1075.39 1955.53 1245.82 0.00 0.00 0.00 0.00 0.00 0.00 0.00