blue_cone 0.00 0 0.00 0.00 0.00 0.00 0.00 0.358 0.251 0.251 21.128 13.701 -0.971 0.00
blue_cone 0.00 0 0.00 0.00 0.00 0.00 0.00 0.358 0.251 0.251 22.708 16.507 -0.971 0.00
blue_cone 0.00 0 0.00 0.00 0.00 0.00 0.00 0.358 0.251 0.251 23.464 19.358 -0.971 0.00
blue_cone 0.00 0 0.00 0.00 0.00 0.00 0.00 0.358 0.251 0.251 22.917 26.399 -0.971 0.00
blue_cone 0.00 0 0.00 0.00 0.00 0.00 0.00 0.358 0.251 0.251 23.956 22.082 -0.971 0.00
blue_cone 0.00 0 0.00 0.00 0.00 0.00 0.00 0.358 0.251 0.251 21.913 29.944 -0.971 0.00
blue_cone 0.00 0 0.00 0.00 0.00 0.00 0.00 0.358 0.251 0.251 20.645 33.019 -0.971 0.00
blue_cone 0.00 0 0.00 0.00 0.00 0.00 0.00 0.358 0.251 0.251 14.694 36.729 -0.971 0.00
blue_cone 0.00 0 0.00 0.00 0.00 0.00 0.00 0.358 0.251 0.251 10.560 36.836 -0.971 0.00
yellow_cone 0.00 0 0.00 0.00 0.00 0.00 0.00 0.358 0.251 0.251 26.784 22.710 -0.971 0.00
yellow_cone 0.00 0 0.00 0.00 0.00 0.00 0.00 0.358 0.251 0.251 26.076 27.167 -0.971 0.00
yellow_cone 0.00 0 0.00 0.00 0.00 0.00 0.00 0.358 0.251 0.251 26.657 18.405 -0.971 0.00
yellow_cone 0.00 0 0.00 0.00 0.00 0.00 0.00 0.358 0.251 0.251 25.113 14.467 -0.971 0.00
yellow_cone 0.00 0 0.00 0.00 0.00 0.00 0.00 0.358 0.251 0.251 0.728 -1.976 -0.971 0.00
blue_cone 0.00 0 0.00 466.83 989.32 579.57 1112.62 0.358 0.251 0.251 4.243 1.311 -0.971 0.00
blue_cone 0.00 0 0.00 488.58 872.21 547.29 937.52 0.358 0.251 0.251 7.714 2.506 -0.971 0.00
yellow_cone 0.00 0 0.00 1523.67 973.77 1631.61 1085.11 0.358 0.251 0.251 4.745 -1.535 -0.971 0.00
yellow_cone 0.00 0 0.00 1087.71 866.22 1143.76 927.63 0.358 0.251 0.251 8.892 -0.333 -0.971 0.00
yellow_cone 0.00 0 0.00 832.58 824.40 868.84 865.63 0.358 0.251 0.251 13.107 1.452 -0.971 0.00
blue_cone 0.00 0 0.00 427.73 833.51 470.65 880.41 0.358 0.251 0.251 11.074 3.754 -0.971 0.00
yellow_cone 0.00 0 0.00 578.11 799.66 603.94 830.28 0.358 0.251 0.251 16.853 4.388 -0.971 0.00
yellow_cone 0.00 0 0.00 369.15 787.92 392.51 816.38 0.358 0.251 0.251 19.832 7.722 -0.971 0.00
blue_cone 0.00 0 0.00 261.32 804.31 290.66 838.68 0.358 0.251 0.251 14.826 6.530 -0.971 0.00
blue_cone 0.00 0 0.00 97.32 793.18 121.21 820.65 0.358 0.251 0.251 17.766 9.855 -0.971 0.00
yellow_cone 0.00 0 0.00 65.44 772.53 82.06 791.59 0.358 0.251 0.251 23.262 11.430 -0.971 0.00