blue_cone 0.00 0 0.00 0.00 0.00 0.00 0.00 0.358 0.251 0.251 20.499 14.753 -0.971 0.00
blue_cone 0.00 0 0.00 0.00 0.00 0.00 0.00 0.358 0.251 0.251 20.989 18.096 -0.971 0.00
blue_cone 0.00 0 0.00 0.00 0.00 0.00 0.00 0.358 0.251 0.251 19.128 21.630 -0.971 0.00
blue_cone 0.00 0 0.00 0.00 0.00 0.00 0.00 0.358 0.251 0.251 16.374 24.716 -0.971 0.00
blue_cone 0.00 0 0.00 0.00 0.00 0.00 0.00 0.358 0.251 0.251 13.265 27.045 -0.971 0.00
blue_cone 0.00 0 0.00 0.00 0.00 0.00 0.00 0.358 0.251 0.251 10.556 27.637 -0.971 0.00
blue_cone 0.00 0 0.00 0.00 0.00 0.00 0.00 0.358 0.251 0.251 7.726 27.171 -0.971 0.00
yellow_cone 0.00 0 0.00 0.00 0.00 0.00 0.00 0.358 0.251 0.251 18.426 26.654 -0.971 0.00
yellow_cone 0.00 0 0.00 0.00 0.00 0.00 0.00 0.358 0.251 0.251 14.664 29.633 -0.971 0.00
yellow_cone 0.00 0 0.00 0.00 0.00 0.00 0.00 0.358 0.251 0.251 23.861 14.921 -0.971 0.00
yellow_cone 0.00 0 0.00 0.00 0.00 0.00 0.00 0.358 0.251 0.251 10.547 31.119 -0.971 0.00
yellow_cone 0.00 0 0.00 0.00 0.00 0.00 0.00 0.358 0.251 0.251 21.504 23.327 -0.971 0.00
yellow_cone 0.00 0 0.00 0.00 0.00 0.00 0.00 0.358 0.251 0.251 23.595 19.604 -0.971 0.00
yellow_cone 0.00 0 0.00 0.00 0.00 0.00 0.00 0.358 0.251 0.251 1.510 -1.979 -0.971 0.00
yellow_cone 0.00 0 0.00 1517.94 906.75 1594.93 990.82 0.358 0.251 0.251 6.560 -1.939 -0.971 0.00
blue_cone 0.00 0 0.00 719.59 902.04 791.55 981.87 0.358 0.251 0.251 6.753 1.171 -0.971 0.00
yellow_cone 0.00 0 0.00 1250.41 854.20 1297.89 907.24 0.358 0.251 0.251 10.040 -1.208 -0.971 0.00
blue_cone 0.00 0 0.00 699.79 852.44 747.04 905.47 0.358 0.251 0.251 9.880 1.942 -0.971 0.00
blue_cone 0.00 0 0.00 583.70 826.41 618.99 867.80 0.358 0.251 0.251 12.487 3.311 -0.971 0.00
yellow_cone 0.00 0 0.00 980.04 819.52 1013.63 857.91 0.358 0.251 0.251 13.967 0.364 -0.971 0.00
yellow_cone 0.00 0 0.00 718.62 803.78 742.74 833.16 0.358 0.251 0.251 17.192 3.219 -0.971 0.00
blue_cone 0.00 0 0.00 452.12 815.03 480.74 844.51 0.358 0.251 0.251 14.797 4.850 -0.971 0.00
blue_cone 0.00 0 0.00 198.91 797.89 223.99 826.05 0.358 0.251 0.251 17.231 8.563 -0.971 0.00
blue_cone 0.00 0 0.00 5.88 792.53 28.20 817.71 0.358 0.251 0.251 19.126 11.723 -0.971 0.00
yellow_cone 0.00 0 0.00 460.84 792.05 481.17 815.86 0.358 0.251 0.251 19.954 6.789 -0.971 0.00
yellow_cone 0.00 0 0.00 232.24 783.83 250.49 805.54 0.358 0.251 0.251 22.288 10.605 -0.971 0.00
blue_cone 0.00 0 0.00 3.48 1335.52 407.74 1536.00 0.00 0.00 0.00 0.00 0.00 0.00 0.00