blue_cone 0.00 0 0.00 0.00 0.00 0.00 0.00 0.358 0.251 0.251 9.103 6.352 -0.971 0.00
blue_cone 0.00 0 0.00 0.00 0.00 0.00 0.00 0.358 0.251 0.251 11.501 9.150 -0.971 0.00
blue_cone 0.00 0 0.00 0.00 0.00 0.00 0.00 0.358 0.251 0.251 13.362 11.907 -0.971 0.00
blue_cone 0.00 0 0.00 0.00 0.00 0.00 0.00 0.358 0.251 0.251 14.405 15.121 -0.971 0.00
blue_cone 0.00 0 0.00 0.00 0.00 0.00 0.00 0.358 0.251 0.251 13.162 18.917 -0.971 0.00
blue_cone 0.00 0 0.00 0.00 0.00 0.00 0.00 0.358 0.251 0.251 10.964 22.420 -0.971 0.00
blue_cone 0.00 0 0.00 0.00 0.00 0.00 0.00 0.358 0.251 0.251 8.289 25.237 -0.971 0.00
yellow_cone 0.00 0 0.00 0.00 0.00 0.00 0.00 0.358 0.251 0.251 13.312 23.987 -0.971 0.00
yellow_cone 0.00 0 0.00 0.00 0.00 0.00 0.00 0.358 0.251 0.251 10.102 27.554 -0.971 0.00
yellow_cone 0.00 0 0.00 0.00 0.00 0.00 0.00 0.358 0.251 0.251 16.704 11.510 -0.971 0.00
yellow_cone 0.00 0 0.00 0.00 0.00 0.00 0.00 0.358 0.251 0.251 11.618 38.226 -0.971 0.00
yellow_cone 0.00 0 0.00 0.00 0.00 0.00 0.00 0.358 0.251 0.251 15.789 20.191 -0.971 0.00
yellow_cone 0.00 0 0.00 0.00 0.00 0.00 0.00 0.358 0.251 0.251 17.227 16.170 -0.971 0.00
yellow_cone 0.00 0 0.00 1389.20 974.60 1505.59 1099.57 0.358 0.251 0.251 4.512 -1.184 -0.971 0.00
blue_cone 0.00 0 0.00 104.83 1030.07 236.67 1177.71 0.358 0.251 0.251 3.540 2.002 -0.971 0.00
blue_cone 0.00 0 0.00 109.51 907.25 182.12 990.73 0.358 0.251 0.251 6.081 3.099 -0.971 0.00
yellow_cone 0.00 0 0.00 789.21 874.27 845.11 940.88 0.358 0.251 0.251 8.169 1.090 -0.971 0.00
yellow_cone 0.00 0 0.00 403.80 832.03 444.40 878.54 0.358 0.251 0.251 11.491 4.146 -0.971 0.00
yellow_cone 0.00 0 0.00 133.23 811.42 165.65 847.81 0.358 0.251 0.251 14.431 7.518 -0.971 0.00