blue_cone 0.00 0 0.00 0.00 0.00 0.00 0.00 0.358 0.251 0.251 2.779 4.329 -0.971 0.00
blue_cone 0.00 0 0.00 0.00 0.00 0.00 0.00 0.358 0.251 0.251 6.656 -3.386 -0.971 0.00
blue_cone 0.00 0 0.00 0.00 0.00 0.00 0.00 0.358 0.251 0.251 8.657 -7.476 -0.971 0.00
blue_cone 0.00 0 0.00 0.00 0.00 0.00 0.00 0.358 0.251 0.251 10.575 -11.596 -0.971 0.00
yellow_cone 0.00 0 0.00 0.00 0.00 0.00 0.00 0.358 0.251 0.251 11.243 -6.165 -0.971 0.00
yellow_cone 0.00 0 0.00 0.00 0.00 0.00 0.00 0.358 0.251 0.251 13.368 -10.115 -0.971 0.00
yellow_cone 0.00 0 0.00 0.00 0.00 0.00 0.00 0.358 0.251 0.251 5.332 5.625 -0.971 0.00
yellow_cone 0.00 0 0.00 0.00 0.00 0.00 0.00 0.358 0.251 0.251 3.423 9.426 -0.971 0.00
orange_cone 0.00 0 0.00 820.40 1000.95 924.51 1128.97 0.358 0.251 0.251 4.382 0.417 -0.971 0.00
orange_cone 0.00 0 0.00 563.09 897.69 620.99 970.69 0.358 0.251 0.251 7.124 1.816 -0.971 0.00
yellow_cone 0.00 0 0.00 1416.87 862.87 1471.94 925.43 0.358 0.251 0.251 9.107 -1.925 -0.971 0.00
yellow_cone 0.00 0 0.00 1933.37 907.19 2010.04 992.95 0.00 0.00 0.00 0.00 0.00 0.00 0.00
orange_cone 0.00 0 0.00 1995.08 847.79 2038.51 893.98 0.00 0.00 0.00 0.00 0.00 0.00 0.00