blue_cone 0.00 0 0.00 0.00 0.00 0.00 0.00 0.358 0.251 0.251 5.822 14.453 -0.971 0.00
blue_cone 0.00 0 0.00 0.00 0.00 0.00 0.00 0.358 0.251 0.251 1.885 0.974 -0.971 0.00
blue_cone 0.00 0 0.00 0.00 0.00 0.00 0.00 0.358 0.251 0.251 7.141 19.745 -0.971 0.00
blue_cone 0.00 0 0.00 0.00 0.00 0.00 0.00 0.358 0.251 0.251 7.009 16.609 -0.971 0.00
blue_cone 0.00 0 0.00 0.00 0.00 0.00 0.00 0.358 0.251 0.251 19.318 13.267 -0.971 0.00
blue_cone 0.00 0 0.00 0.00 0.00 0.00 0.00 0.358 0.251 0.251 20.592 16.440 -0.971 0.00
blue_cone 0.00 0 0.00 0.00 0.00 0.00 0.00 0.358 0.251 0.251 21.254 21.060 -0.971 0.00
blue_cone 0.00 0 0.00 0.00 0.00 0.00 0.00 0.358 0.251 0.251 20.955 25.489 -0.971 0.00
blue_cone 0.00 0 0.00 0.00 0.00 0.00 0.00 0.358 0.251 0.251 20.581 30.584 -0.971 0.00
blue_cone 0.00 0 0.00 0.00 0.00 0.00 0.00 0.358 0.251 0.251 19.694 33.680 -0.971 0.00
yellow_cone 0.00 0 0.00 0.00 0.00 0.00 0.00 0.358 0.251 0.251 24.202 20.998 -0.971 0.00
yellow_cone 0.00 0 0.00 0.00 0.00 0.00 0.00 0.358 0.251 0.251 1.444 -1.732 -0.971 0.00
yellow_cone 0.00 0 0.00 0.00 0.00 0.00 0.00 0.358 0.251 0.251 21.966 12.016 -0.971 0.00
yellow_cone 0.00 0 0.00 0.00 0.00 0.00 0.00 0.358 0.251 0.251 23.557 16.196 -0.971 0.00
yellow_cone 0.00 0 0.00 0.00 0.00 0.00 0.00 0.358 0.251 0.251 23.924 25.461 -0.971 0.00
yellow_cone 0.00 0 0.00 0.00 0.00 0.00 0.00 0.358 0.251 0.251 23.696 30.506 -0.971 0.00
yellow_cone 0.00 0 0.00 1466.67 886.39 1523.37 952.31 0.358 0.251 0.251 5.238 -1.941 -0.971 0.00
blue_cone 0.00 0 0.00 781.26 925.88 859.45 1014.09 0.358 0.251 0.251 6.459 0.827 -0.971 0.00
blue_cone 0.00 0 0.00 645.28 858.10 690.84 912.05 0.358 0.251 0.251 10.195 1.940 -0.971 0.00
yellow_cone 0.00 0 0.00 1139.77 846.74 1180.85 893.60 0.358 0.251 0.251 8.548 -2.031 -0.971 0.00
yellow_cone 0.00 0 0.00 828.58 823.15 859.66 859.88 0.358 0.251 0.251 11.665 -0.612 -0.971 0.00
yellow_cone 0.00 0 0.00 540.98 805.95 565.83 836.00 0.358 0.251 0.251 14.736 1.722 -0.971 0.00
blue_cone 0.00 0 0.00 455.61 830.94 492.96 872.81 0.358 0.251 0.251 12.672 4.109 -0.971 0.00
blue_cone 0.00 0 0.00 242.84 811.51 271.92 846.09 0.358 0.251 0.251 15.410 7.030 -0.971 0.00
yellow_cone 0.00 0 0.00 324.22 796.15 347.80 821.93 0.358 0.251 0.251 17.397 5.054 -0.971 0.00
blue_cone 0.00 0 0.00 71.07 802.90 96.17 831.42 0.358 0.251 0.251 17.529 9.865 -0.971 0.00
yellow_cone 0.00 0 0.00 112.46 787.80 130.94 810.37 0.358 0.251 0.251 19.907 8.221 -0.971 0.00
orange_cone 0.00 0 0.00 1712.21 978.36 1809.00 1089.05 0.00 0.00 0.00 0.00 0.00 0.00 0.00
orange_cone 0.00 0 0.00 0.09 1379.47 289.32 1536.00 0.00 0.00 0.00 0.00 0.00 0.00 0.00