blue_cone 0.00 0 0.00 0.00 0.00 0.00 0.00 0.358 0.251 0.251 16.557 16.470 -0.971 0.00
blue_cone 0.00 0 0.00 0.00 0.00 0.00 0.00 0.358 0.251 0.251 22.588 4.667 -0.971 0.00
blue_cone 0.00 0 0.00 0.00 0.00 0.00 0.00 0.358 0.251 0.251 14.050 14.858 -0.971 0.00
blue_cone 0.00 0 0.00 0.00 0.00 0.00 0.00 0.358 0.251 0.251 14.372 24.790 -0.971 0.00
blue_cone 0.00 0 0.00 0.00 0.00 0.00 0.00 0.358 0.251 0.251 17.146 21.892 -0.971 0.00
blue_cone 0.00 0 0.00 0.00 0.00 0.00 0.00 0.358 0.251 0.251 17.440 18.767 -0.971 0.00
blue_cone 0.00 0 0.00 0.00 0.00 0.00 0.00 0.358 0.251 0.251 28.779 13.513 -0.971 0.00
blue_cone 0.00 0 0.00 0.00 0.00 0.00 0.00 0.358 0.251 0.251 30.920 20.444 -0.971 0.00
blue_cone 0.00 0 0.00 0.00 0.00 0.00 0.00 0.358 0.251 0.251 30.949 25.111 -0.971 0.00
blue_cone 0.00 0 0.00 0.00 0.00 0.00 0.00 0.358 0.251 0.251 10.089 27.248 -0.971 0.00
blue_cone 0.00 0 0.00 0.00 0.00 0.00 0.00 0.358 0.251 0.251 5.673 15.297 -0.971 0.00
yellow_cone 0.00 0 0.00 0.00 0.00 0.00 0.00 0.358 0.251 0.251 14.347 20.411 -0.971 0.00
yellow_cone 0.00 0 0.00 0.00 0.00 0.00 0.00 0.358 0.251 0.251 13.310 17.967 -0.971 0.00
yellow_cone 0.00 0 0.00 0.00 0.00 0.00 0.00 0.358 0.251 0.251 9.787 17.431 -0.971 0.00
yellow_cone 0.00 0 0.00 0.00 0.00 0.00 0.00 0.358 0.251 0.251 12.364 22.522 -0.971 0.00
yellow_cone 0.00 0 0.00 0.00 0.00 0.00 0.00 0.358 0.251 0.251 1.782 -1.397 -0.971 0.00
yellow_cone 0.00 0 0.00 0.00 0.00 0.00 0.00 0.358 0.251 0.251 6.847 17.862 -0.971 0.00
yellow_cone 0.00 0 0.00 0.00 0.00 0.00 0.00 0.358 0.251 0.251 8.752 24.310 -0.971 0.00
yellow_cone 0.00 0 0.00 0.00 0.00 0.00 0.00 0.358 0.251 0.251 33.891 20.605 -0.971 0.00
yellow_cone 0.00 0 0.00 0.00 0.00 0.00 0.00 0.358 0.251 0.251 29.301 8.729 -0.971 0.00
orange_cone 0.00 0 0.00 1296.15 934.13 1370.61 1026.13 0.358 0.251 0.251 6.040 -1.378 -0.971 0.00
orange_cone 0.00 0 0.00 1143.11 852.75 1190.45 906.12 0.358 0.251 0.251 10.183 -0.579 -0.971 0.00
yellow_cone 0.00 0 0.00 1006.28 792.17 1027.22 816.43 0.358 0.251 0.251 21.495 0.508 -0.971 0.00
yellow_cone 0.00 0 0.00 880.36 784.25 896.95 805.08 0.358 0.251 0.251 24.391 2.337 -0.971 0.00
orange_cone 0.00 0 0.00 723.20 815.05 755.43 852.68 0.358 0.251 0.251 14.486 2.581 -0.971 0.00
orange_cone 0.00 0 0.00 634.54 852.58 681.05 905.31 0.358 0.251 0.251 9.888 2.269 -0.971 0.00
orange_cone 0.00 0 0.00 723.17 814.68 754.97 852.96 0.358 0.251 0.251 19.038 3.057 -0.971 0.00
blue_cone 0.00 0 0.00 660.35 787.27 680.86 810.74 0.358 0.251 0.251 24.747 7.152 -0.971 0.00
blue_cone 0.00 0 0.00 537.38 777.96 554.94 801.28 0.358 0.251 0.251 27.064 10.418 -0.971 0.00
blue_cone 0.00 0 0.00 239.91 773.00 255.45 791.16 0.358 0.251 0.251 30.090 17.127 -0.971 0.00
yellow_cone 0.00 0 0.00 29.60 764.43 43.93 780.95 0.358 0.251 0.251 32.882 16.247 -0.971 0.00
yellow_cone 0.00 0 0.00 210.78 767.16 224.65 783.32 0.358 0.251 0.251 31.358 12.208 -0.971 0.00
orange_cone 0.00 0 0.00 349.38 933.80 433.34 1030.94 0.358 0.251 0.251 5.662 2.174 -0.971 0.00
yellow_cone 0.00 0 0.00 717.89 781.22 732.93 798.09 0.358 0.251 0.251 27.117 5.067 -0.971 0.00
orange_cone 0.00 0 0.00 1065.23 818.21 1097.56 856.33 0.358 0.251 0.251 14.416 -0.160 -0.971 0.00
orange_cone 0.00 0 0.00 1033.64 799.60 1059.04 830.20 0.358 0.251 0.251 18.204 0.149 -0.971 0.00
blue_cone 0.00 0 0.00 84.82 769.07 99.51 786.58 0.00 0.00 0.00 0.00 0.00 0.00 0.00