blue_cone 0.00 0 0.00 0.00 0.00 0.00 0.00 0.358 0.251 0.251 16.578 16.423 -0.971 0.00
blue_cone 0.00 0 0.00 0.00 0.00 0.00 0.00 0.358 0.251 0.251 14.066 14.818 -0.971 0.00
blue_cone 0.00 0 0.00 0.00 0.00 0.00 0.00 0.358 0.251 0.251 14.417 24.749 -0.971 0.00
blue_cone 0.00 0 0.00 0.00 0.00 0.00 0.00 0.358 0.251 0.251 17.182 21.843 -0.971 0.00
blue_cone 0.00 0 0.00 0.00 0.00 0.00 0.00 0.358 0.251 0.251 17.467 18.717 -0.971 0.00
blue_cone 0.00 0 0.00 0.00 0.00 0.00 0.00 0.358 0.251 0.251 30.953 20.354 -0.971 0.00
blue_cone 0.00 0 0.00 0.00 0.00 0.00 0.00 0.358 0.251 0.251 30.995 25.020 -0.971 0.00
blue_cone 0.00 0 0.00 0.00 0.00 0.00 0.00 0.358 0.251 0.251 10.142 27.220 -0.971 0.00
blue_cone 0.00 0 0.00 0.00 0.00 0.00 0.00 0.358 0.251 0.251 5.690 15.282 -0.971 0.00
yellow_cone 0.00 0 0.00 0.00 0.00 0.00 0.00 0.358 0.251 0.251 14.379 20.371 -0.971 0.00
yellow_cone 0.00 0 0.00 0.00 0.00 0.00 0.00 0.358 0.251 0.251 13.335 17.929 -0.971 0.00
yellow_cone 0.00 0 0.00 0.00 0.00 0.00 0.00 0.358 0.251 0.251 31.366 12.116 -0.971 0.00
yellow_cone 0.00 0 0.00 0.00 0.00 0.00 0.00 0.358 0.251 0.251 9.810 17.403 -0.971 0.00
yellow_cone 0.00 0 0.00 0.00 0.00 0.00 0.00 0.358 0.251 0.251 12.402 22.487 -0.971 0.00
yellow_cone 0.00 0 0.00 0.00 0.00 0.00 0.00 0.358 0.251 0.251 1.749 -1.400 -0.971 0.00
yellow_cone 0.00 0 0.00 0.00 0.00 0.00 0.00 0.358 0.251 0.251 6.872 17.843 -0.971 0.00
yellow_cone 0.00 0 0.00 0.00 0.00 0.00 0.00 0.358 0.251 0.251 32.902 16.151 -0.971 0.00
yellow_cone 0.00 0 0.00 0.00 0.00 0.00 0.00 0.358 0.251 0.251 8.796 24.286 -0.971 0.00
yellow_cone 0.00 0 0.00 0.00 0.00 0.00 0.00 0.358 0.251 0.251 33.924 20.505 -0.971 0.00
yellow_cone 0.00 0 0.00 0.00 0.00 0.00 0.00 0.358 0.251 0.251 29.299 8.644 -0.971 0.00
orange_cone 0.00 0 0.00 349.60 944.74 434.67 1042.56 0.358 0.251 0.251 5.640 2.159 -0.971 0.00
orange_cone 0.00 0 0.00 1299.05 943.94 1373.93 1037.08 0.358 0.251 0.251 5.954 -0.903 -0.971 0.00
orange_cone 0.00 0 0.00 1144.32 862.32 1192.76 916.73 0.358 0.251 0.251 10.153 -0.608 -0.971 0.00
orange_cone 0.00 0 0.00 634.14 862.36 682.79 917.15 0.358 0.251 0.251 9.866 2.241 -0.971 0.00
orange_cone 0.00 0 0.00 724.90 826.49 757.87 863.77 0.358 0.251 0.251 14.465 2.540 -0.971 0.00
orange_cone 0.00 0 0.00 1067.64 827.70 1100.91 866.95 0.358 0.251 0.251 14.387 -0.201 -0.971 0.00
blue_cone 0.00 0 0.00 757.87 806.98 782.08 834.99 0.358 0.251 0.251 19.018 3.002 -0.971 0.00
blue_cone 0.00 0 0.00 662.60 797.66 682.55 821.36 0.358 0.251 0.251 22.573 4.602 -0.971 0.00
blue_cone 0.00 0 0.00 537.72 787.59 556.77 812.29 0.358 0.251 0.251 24.740 7.080 -0.971 0.00
blue_cone 0.00 0 0.00 380.19 783.74 396.93 805.12 0.358 0.251 0.251 26.869 10.440 -0.971 0.00
blue_cone 0.00 0 0.00 380.34 784.08 398.26 805.65 0.358 0.251 0.251 28.790 13.429 -0.971 0.00
blue_cone 0.00 0 0.00 241.03 782.73 256.69 801.62 0.358 0.251 0.251 30.112 17.039 -0.971 0.00
orange_cone 0.00 0 0.00 1036.34 811.24 1061.09 840.70 0.358 0.251 0.251 18.176 0.096 -0.971 0.00
yellow_cone 0.00 0 0.00 1007.26 801.30 1028.65 826.72 0.358 0.251 0.251 21.468 0.446 -0.971 0.00
yellow_cone 0.00 0 0.00 881.00 793.22 900.01 816.06 0.358 0.251 0.251 24.369 2.266 -0.971 0.00
yellow_cone 0.00 0 0.00 718.90 789.63 734.92 808.23 0.358 0.251 0.251 27.103 4.988 -0.971 0.00
yellow_cone 0.00 0 0.00 31.79 775.14 45.09 791.52 0.00 0.00 0.00 0.00 0.00 0.00 0.00
blue_cone 0.00 0 0.00 86.89 780.15 101.41 797.85 0.00 0.00 0.00 0.00 0.00 0.00 0.00