blue_cone 0.00 0 0.00 0.00 0.00 0.00 0.00 0.358 0.251 0.251 1.789 1.251 -0.971 0.00
blue_cone 0.00 0 0.00 0.00 0.00 0.00 0.00 0.358 0.251 0.251 7.882 5.248 -0.971 0.00
blue_cone 0.00 0 0.00 0.00 0.00 0.00 0.00 0.358 0.251 0.251 12.912 10.622 -0.971 0.00
blue_cone 0.00 0 0.00 0.00 0.00 0.00 0.00 0.358 0.251 0.251 10.504 7.625 -0.971 0.00
blue_cone 0.00 0 0.00 0.00 0.00 0.00 0.00 0.358 0.251 0.251 14.769 13.493 -0.971 0.00
blue_cone 0.00 0 0.00 0.00 0.00 0.00 0.00 0.358 0.251 0.251 16.302 17.901 -0.971 0.00
blue_cone 0.00 0 0.00 0.00 0.00 0.00 0.00 0.358 0.251 0.251 16.856 22.306 -0.971 0.00
blue_cone 0.00 0 0.00 0.00 0.00 0.00 0.00 0.358 0.251 0.251 17.465 27.377 -0.971 0.00
blue_cone 0.00 0 0.00 0.00 0.00 0.00 0.00 0.358 0.251 0.251 17.187 30.586 -0.971 0.00
blue_cone 0.00 0 0.00 0.00 0.00 0.00 0.00 0.358 0.251 0.251 16.204 33.367 -0.971 0.00
blue_cone 0.00 0 0.00 0.00 0.00 0.00 0.00 0.358 0.251 0.251 15.075 35.894 -0.971 0.00
yellow_cone 0.00 0 0.00 0.00 0.00 0.00 0.00 0.358 0.251 0.251 2.744 -1.536 -0.971 0.00
yellow_cone 0.00 0 0.00 0.00 0.00 0.00 0.00 0.358 0.251 0.251 19.184 17.276 -0.971 0.00
yellow_cone 0.00 0 0.00 0.00 0.00 0.00 0.00 0.358 0.251 0.251 19.378 34.380 -0.971 0.00
yellow_cone 0.00 0 0.00 0.00 0.00 0.00 0.00 0.358 0.251 0.251 20.324 30.257 -0.971 0.00
yellow_cone 0.00 0 0.00 0.00 0.00 0.00 0.00 0.358 0.251 0.251 17.632 12.686 -0.971 0.00
yellow_cone 0.00 0 0.00 0.00 0.00 0.00 0.00 0.358 0.251 0.251 19.765 21.709 -0.971 0.00
yellow_cone 0.00 0 0.00 0.00 0.00 0.00 0.00 0.358 0.251 0.251 20.507 26.705 -0.971 0.00
yellow_cone 0.00 0 0.00 926.60 920.16 1002.80 1004.32 0.358 0.251 0.251 6.205 0.168 -0.971 0.00
blue_cone 0.00 0 0.00 0.04 966.73 40.09 1078.39 0.358 0.251 0.251 4.635 2.905 -0.971 0.00
yellow_cone 0.00 0 0.00 472.99 855.25 521.75 911.86 0.358 0.251 0.251 9.455 2.928 -0.971 0.00
yellow_cone 0.00 0 0.00 229.80 828.91 264.79 869.78 0.358 0.251 0.251 12.524 5.557 -0.971 0.00
yellow_cone 0.00 0 0.00 11.14 812.08 39.47 844.71 0.358 0.251 0.251 15.271 8.888 -0.971 0.00
yellow_cone 0.00 0 0.00 1857.38 1103.60 2010.40 1294.79 0.00 0.00 0.00 0.00 0.00 0.00 0.00