blue_cone 0.00 0 0.00 0.00 0.00 0.00 0.00 0.358 0.251 0.251 16.553 16.474 -0.971 0.00
blue_cone 0.00 0 0.00 0.00 0.00 0.00 0.00 0.358 0.251 0.251 22.587 4.672 -0.971 0.00
blue_cone 0.00 0 0.00 0.00 0.00 0.00 0.00 0.358 0.251 0.251 14.047 14.862 -0.971 0.00
blue_cone 0.00 0 0.00 0.00 0.00 0.00 0.00 0.358 0.251 0.251 14.367 24.793 -0.971 0.00
blue_cone 0.00 0 0.00 0.00 0.00 0.00 0.00 0.358 0.251 0.251 17.141 21.896 -0.971 0.00
blue_cone 0.00 0 0.00 0.00 0.00 0.00 0.00 0.358 0.251 0.251 17.436 18.771 -0.971 0.00
blue_cone 0.00 0 0.00 0.00 0.00 0.00 0.00 0.358 0.251 0.251 30.944 25.118 -0.971 0.00
blue_cone 0.00 0 0.00 0.00 0.00 0.00 0.00 0.358 0.251 0.251 10.083 27.251 -0.971 0.00
blue_cone 0.00 0 0.00 0.00 0.00 0.00 0.00 0.358 0.251 0.251 5.669 15.299 -0.971 0.00
yellow_cone 0.00 0 0.00 0.00 0.00 0.00 0.00 0.358 0.251 0.251 14.343 20.415 -0.971 0.00
yellow_cone 0.00 0 0.00 0.00 0.00 0.00 0.00 0.358 0.251 0.251 13.306 17.970 -0.971 0.00
yellow_cone 0.00 0 0.00 0.00 0.00 0.00 0.00 0.358 0.251 0.251 31.355 12.214 -0.971 0.00
yellow_cone 0.00 0 0.00 0.00 0.00 0.00 0.00 0.358 0.251 0.251 9.783 17.433 -0.971 0.00
yellow_cone 0.00 0 0.00 0.00 0.00 0.00 0.00 0.358 0.251 0.251 12.359 22.525 -0.971 0.00
yellow_cone 0.00 0 0.00 0.00 0.00 0.00 0.00 0.358 0.251 0.251 1.782 -1.396 -0.971 0.00
yellow_cone 0.00 0 0.00 0.00 0.00 0.00 0.00 0.358 0.251 0.251 6.843 17.864 -0.971 0.00
yellow_cone 0.00 0 0.00 0.00 0.00 0.00 0.00 0.358 0.251 0.251 8.747 24.313 -0.971 0.00
yellow_cone 0.00 0 0.00 0.00 0.00 0.00 0.00 0.358 0.251 0.251 29.299 8.736 -0.971 0.00
orange_cone 0.00 0 0.00 349.82 933.49 433.51 1031.18 0.358 0.251 0.251 5.661 2.176 -0.971 0.00
orange_cone 0.00 0 0.00 1295.39 934.70 1370.66 1026.39 0.358 0.251 0.251 5.985 -0.885 -0.971 0.00
orange_cone 0.00 0 0.00 634.21 852.35 681.21 905.32 0.358 0.251 0.251 9.888 2.271 -0.971 0.00
orange_cone 0.00 0 0.00 1143.67 852.21 1190.77 905.97 0.358 0.251 0.251 10.183 -0.577 -0.971 0.00
orange_cone 0.00 0 0.00 723.61 814.80 755.50 852.49 0.358 0.251 0.251 14.485 2.585 -0.971 0.00
orange_cone 0.00 0 0.00 1065.37 817.57 1097.77 856.35 0.358 0.251 0.251 14.416 -0.156 -0.971 0.00
orange_cone 0.00 0 0.00 723.69 814.52 755.00 852.75 0.358 0.251 0.251 19.037 3.061 -0.971 0.00
orange_cone 0.00 0 0.00 1033.51 799.72 1058.94 829.76 0.358 0.251 0.251 18.204 0.153 -0.971 0.00
yellow_cone 0.00 0 0.00 1006.45 792.50 1027.69 816.45 0.358 0.251 0.251 21.495 0.513 -0.971 0.00
yellow_cone 0.00 0 0.00 880.37 783.95 897.23 805.06 0.358 0.251 0.251 24.390 2.343 -0.971 0.00
yellow_cone 0.00 0 0.00 717.45 780.91 732.89 798.38 0.358 0.251 0.251 27.115 5.073 -0.971 0.00
blue_cone 0.00 0 0.00 659.74 787.41 680.75 811.20 0.358 0.251 0.251 24.947 7.217 -0.971 0.00
blue_cone 0.00 0 0.00 536.71 777.59 554.92 801.67 0.358 0.251 0.251 27.062 10.424 -0.971 0.00
blue_cone 0.00 0 0.00 84.36 769.44 99.10 786.78 0.358 0.251 0.251 30.916 20.451 -0.971 0.00
blue_cone 0.00 0 0.00 239.96 773.15 255.65 791.38 0.358 0.251 0.251 30.086 17.134 -0.971 0.00
blue_cone 0.00 0 0.00 378.27 773.44 395.55 794.49 0.358 0.251 0.251 28.776 13.520 -0.971 0.00
yellow_cone 0.00 0 0.00 210.96 767.12 224.84 782.48 0.358 0.251 0.251 33.886 20.612 -0.971 0.00
yellow_cone 0.00 0 0.00 29.77 764.85 43.93 780.83 0.358 0.251 0.251 33.316 16.020 -0.971 0.00