blue_cone 0.00 0 0.00 0.00 0.00 0.00 0.00 0.358 0.251 0.251 2.783 4.327 -0.971 0.00
blue_cone 0.00 0 0.00 0.00 0.00 0.00 0.00 0.358 0.251 0.251 6.662 -3.386 -0.971 0.00
blue_cone 0.00 0 0.00 0.00 0.00 0.00 0.00 0.358 0.251 0.251 8.664 -7.476 -0.971 0.00
blue_cone 0.00 0 0.00 0.00 0.00 0.00 0.00 0.358 0.251 0.251 10.583 -11.595 -0.971 0.00
yellow_cone 0.00 0 0.00 0.00 0.00 0.00 0.00 0.358 0.251 0.251 11.249 -6.165 -0.971 0.00
yellow_cone 0.00 0 0.00 0.00 0.00 0.00 0.00 0.358 0.251 0.251 13.376 -10.114 -0.971 0.00
yellow_cone 0.00 0 0.00 0.00 0.00 0.00 0.00 0.358 0.251 0.251 5.336 5.624 -0.971 0.00
yellow_cone 0.00 0 0.00 0.00 0.00 0.00 0.00 0.358 0.251 0.251 3.426 9.425 -0.971 0.00
orange_cone 0.00 0 0.00 820.46 1000.71 923.91 1128.72 0.358 0.251 0.251 4.387 0.416 -0.971 0.00
orange_cone 0.00 0 0.00 563.09 897.65 621.33 970.50 0.358 0.251 0.251 7.129 1.815 -0.971 0.00
yellow_cone 0.00 0 0.00 1417.06 862.24 1472.37 925.07 0.358 0.251 0.251 9.112 -1.925 -0.971 0.00
yellow_cone 0.00 0 0.00 1933.44 906.49 2009.85 992.32 0.00 0.00 0.00 0.00 0.00 0.00 0.00
orange_cone 0.00 0 0.00 1994.66 847.70 2037.95 893.76 0.00 0.00 0.00 0.00 0.00 0.00 0.00