blue_cone 0.00 0 0.00 0.00 0.00 0.00 0.00 0.358 0.251 0.251 2.737 9.332 -0.971 0.00
blue_cone 0.00 0 0.00 0.00 0.00 0.00 0.00 0.358 0.251 0.251 5.711 5.812 -0.971 0.00
blue_cone 0.00 0 0.00 0.00 0.00 0.00 0.00 0.358 0.251 0.251 8.289 2.462 -0.971 0.00
blue_cone 0.00 0 0.00 0.00 0.00 0.00 0.00 0.358 0.251 0.251 11.486 -0.606 -0.971 0.00
blue_cone 0.00 0 0.00 0.00 0.00 0.00 0.00 0.358 0.251 0.251 14.495 -4.024 -0.971 0.00
blue_cone 0.00 0 0.00 0.00 0.00 0.00 0.00 0.358 0.251 0.251 17.432 -7.491 -0.971 0.00
yellow_cone 0.00 0 0.00 0.00 0.00 0.00 0.00 0.358 0.251 0.251 10.565 4.535 -0.971 0.00
yellow_cone 0.00 0 0.00 0.00 0.00 0.00 0.00 0.358 0.251 0.251 16.643 -2.077 -0.971 0.00
yellow_cone 0.00 0 0.00 0.00 0.00 0.00 0.00 0.358 0.251 0.251 19.736 -5.326 -0.971 0.00
yellow_cone 0.00 0 0.00 0.00 0.00 0.00 0.00 0.358 0.251 0.251 7.831 7.736 -0.971 0.00
yellow_cone 0.00 0 0.00 0.00 0.00 0.00 0.00 0.358 0.251 0.251 13.464 1.449 -0.971 0.00
yellow_cone 0.00 0 0.00 0.00 0.00 0.00 0.00 0.358 0.251 0.251 4.987 10.899 -0.971 0.00
orange_cone 0.00 0 0.00 496.51 878.05 554.40 942.67 0.00 0.00 0.00 0.00 0.00 0.00 0.00
yellow_cone 0.00 0 0.00 1151.48 836.30 1196.04 887.39 0.00 0.00 0.00 0.00 0.00 0.00 0.00
yellow_cone 0.00 0 0.00 851.40 822.40 889.80 865.57 0.00 0.00 0.00 0.00 0.00 0.00 0.00
orange_cone 0.00 0 0.00 1269.50 810.60 1300.10 844.64 0.00 0.00 0.00 0.00 0.00 0.00 0.00
orange_cone 0.00 0 0.00 1537.16 824.53 1570.19 859.51 0.00 0.00 0.00 0.00 0.00 0.00 0.00
large_orange_cone 0.00 0 0.00 1793.33 808.27 1821.85 840.38 0.00 0.00 0.00 0.00 0.00 0.00 0.00
large_orange_cone 0.00 0 0.00 1719.19 793.49 1742.15 819.14 0.00 0.00 0.00 0.00 0.00 0.00 0.00
large_orange_cone 0.00 0 0.00 1841.95 789.57 1860.39 811.07 0.00 0.00 0.00 0.00 0.00 0.00 0.00
large_orange_cone 0.00 0 0.00 1954.16 794.09 1974.61 824.65 0.00 0.00 0.00 0.00 0.00 0.00 0.00
large_orange_cone 0.00 0 0.00 278.38 847.00 319.26 896.71 0.00 0.00 0.00 0.00 0.00 0.00 0.00
large_orange_cone 0.00 0 0.00 1950.12 784.79 1966.53 806.57 0.00 0.00 0.00 0.00 0.00 0.00 0.00