yellow_cone 0.00 0 0.00 0.00 0.00 0.00 0.00 0.358 0.251 0.251 0.968 -1.870 -0.971 0.00
blue_cone 0.00 0 0.00 0.00 0.00 0.00 0.00 0.358 0.251 0.251 12.499 9.705 -0.971 0.00
yellow_cone 0.00 0 0.00 0.00 0.00 0.00 0.00 0.358 0.251 0.251 16.817 10.476 -0.971 0.00
blue_cone 0.00 0 0.00 0.00 0.00 0.00 0.00 0.358 0.251 0.251 12.168 13.341 -0.971 0.00
blue_cone 0.00 0 0.00 0.00 0.00 0.00 0.00 0.358 0.251 0.251 8.392 18.720 -0.971 0.00
yellow_cone 0.00 0 0.00 0.00 0.00 0.00 0.00 0.358 0.251 0.251 16.377 12.837 -0.971 0.00
blue_cone 0.00 0 0.00 0.00 0.00 0.00 0.00 0.358 0.251 0.251 10.708 16.865 -0.971 0.00
yellow_cone 0.00 0 0.00 0.00 0.00 0.00 0.00 0.358 0.251 0.251 13.089 20.773 -0.971 0.00
yellow_cone 0.00 0 0.00 0.00 0.00 0.00 0.00 0.358 0.251 0.251 10.701 22.851 -0.971 0.00
yellow_cone 0.00 0 0.00 0.00 0.00 0.00 0.00 0.358 0.251 0.251 7.269 23.989 -0.971 0.00
yellow_cone 0.00 0 0.00 0.00 0.00 0.00 0.00 0.358 0.251 0.251 15.139 17.926 -0.971 0.00
yellow_cone 0.00 0 0.00 0.00 0.00 0.00 0.00 0.358 0.251 0.251 16.252 14.780 -0.971 0.00
yellow_cone 0.00 0 0.00 1531.13 442.84 1626.63 544.68 0.358 0.251 0.251 5.525 -1.846 -0.971 0.00
blue_cone 0.00 0 0.00 413.49 480.61 519.62 589.84 0.358 0.251 0.251 5.316 1.531 -0.971 0.00
blue_cone 0.00 0 0.00 446.05 398.88 514.29 466.10 0.358 0.251 0.251 8.276 2.448 -0.971 0.00
yellow_cone 0.00 0 0.00 1216.41 347.18 1269.87 405.28 0.358 0.251 0.251 10.194 -1.345 -0.971 0.00
yellow_cone 0.00 0 0.00 886.67 324.23 927.75 367.58 0.358 0.251 0.251 13.195 0.614 -0.971 0.00
blue_cone 0.00 0 0.00 300.02 369.77 350.25 420.97 0.358 0.251 0.251 10.652 4.116 -0.971 0.00
yellow_cone 0.00 0 0.00 582.43 320.17 615.94 356.50 0.358 0.251 0.251 15.446 3.282 -0.971 0.00
yellow_cone 0.00 0 0.00 238.33 331.13 274.85 365.75 0.358 0.251 0.251 16.405 6.825 -0.971 0.00
blue_cone 0.00 0 0.00 0.18 369.60 48.37 415.57 0.358 0.251 0.251 12.153 6.783 -0.971 0.00