blue_cone 0.00 0 0.00 0.00 0.00 0.00 0.00 0.358 0.251 0.251 19.383 16.619 -0.971 0.00
yellow_cone 0.00 0 0.00 0.00 0.00 0.00 0.00 0.358 0.251 0.251 14.219 16.686 -0.971 0.00
yellow_cone 0.00 0 0.00 0.00 0.00 0.00 0.00 0.358 0.251 0.251 12.208 14.897 -0.971 0.00
yellow_cone 0.00 0 0.00 0.00 0.00 0.00 0.00 0.358 0.251 0.251 10.111 14.181 -0.971 0.00
blue_cone 0.00 0 0.00 0.00 0.00 0.00 0.00 0.358 0.251 0.251 12.702 10.267 -0.971 0.00
yellow_cone 0.00 0 0.00 0.00 0.00 0.00 0.00 0.358 0.251 0.251 8.282 14.898 -0.971 0.00
yellow_cone 0.00 0 0.00 0.00 0.00 0.00 0.00 0.358 0.251 0.251 5.854 16.214 -0.971 0.00
blue_cone 0.00 0 0.00 0.00 0.00 0.00 0.00 0.358 0.251 0.251 9.875 9.450 -0.971 0.00
blue_cone 0.00 0 0.00 0.00 0.00 0.00 0.00 0.358 0.251 0.251 6.877 9.825 -0.971 0.00
blue_cone 0.00 0 0.00 0.00 0.00 0.00 0.00 0.358 0.251 0.251 4.908 11.289 -0.971 0.00
yellow_cone 0.00 0 0.00 0.00 0.00 0.00 0.00 0.358 0.251 0.251 2.815 -1.803 -0.971 0.00
blue_cone 0.00 0 0.00 0.00 0.00 0.00 0.00 0.358 0.251 0.251 15.226 12.055 -0.971 0.00
blue_cone 0.00 0 0.00 0.00 0.00 0.00 0.00 0.358 0.251 0.251 17.093 14.098 -0.971 0.00
blue_cone 0.00 0 0.00 0.00 0.00 0.00 0.00 0.358 0.251 0.251 25.469 19.455 -0.971 0.00
yellow_cone 0.00 0 0.00 0.00 0.00 0.00 0.00 0.358 0.251 0.251 29.282 -2.772 -0.971 0.00
blue_cone 0.00 0 0.00 0.00 0.00 0.00 0.00 0.358 0.251 0.251 22.261 18.680 -0.971 0.00
blue_cone 0.00 0 0.00 0.00 0.00 0.00 0.00 0.358 0.251 0.251 34.647 3.052 -0.971 0.00
blue_cone 0.00 0 0.00 0.00 0.00 0.00 0.00 0.358 0.251 0.251 36.157 5.669 -0.971 0.00
blue_cone 0.00 0 0.00 0.00 0.00 0.00 0.00 0.358 0.251 0.251 36.411 8.496 -0.971 0.00
yellow_cone 0.00 0 0.00 0.00 0.00 0.00 0.00 0.358 0.251 0.251 33.903 -2.457 -0.971 0.00
yellow_cone 0.00 0 0.00 0.00 0.00 0.00 0.00 0.358 0.251 0.251 39.358 2.137 -0.971 0.00
yellow_cone 0.00 0 0.00 0.00 0.00 0.00 0.00 0.358 0.251 0.251 37.049 -0.606 -0.971 0.00
blue_cone 0.00 0 0.00 0.00 0.00 0.00 0.00 0.358 0.251 0.251 36.234 12.143 -0.971 0.00
blue_cone 0.00 0 0.00 0.00 0.00 0.00 0.00 0.358 0.251 0.251 32.688 17.677 -0.971 0.00
blue_cone 0.00 0 0.00 0.00 0.00 0.00 0.00 0.358 0.251 0.251 29.384 19.037 -0.971 0.00
blue_cone 0.00 0 0.00 0.00 0.00 0.00 0.00 0.358 0.251 0.251 34.924 15.725 -0.971 0.00
yellow_cone 0.00 0 0.00 0.00 0.00 0.00 0.00 0.358 0.251 0.251 31.788 22.988 -0.971 0.00
yellow_cone 0.00 0 0.00 0.00 0.00 0.00 0.00 0.358 0.251 0.251 28.417 23.510 -0.971 0.00
yellow_cone 0.00 0 0.00 0.00 0.00 0.00 0.00 0.358 0.251 0.251 25.012 24.073 -0.971 0.00
yellow_cone 0.00 0 0.00 0.00 0.00 0.00 0.00 0.358 0.251 0.251 20.993 22.911 -0.971 0.00
yellow_cone 0.00 0 0.00 0.00 0.00 0.00 0.00 0.358 0.251 0.251 18.385 21.166 -0.971 0.00
yellow_cone 0.00 0 0.00 0.00 0.00 0.00 0.00 0.358 0.251 0.251 15.965 18.779 -0.971 0.00
blue_cone 0.00 0 0.00 0.05 727.87 159.28 961.19 0.358 0.251 0.251 2.438 1.605 -0.971 0.00
blue_cone 0.00 0 0.00 549.14 442.80 631.00 534.23 0.358 0.251 0.251 6.240 1.404 -0.971 0.00
yellow_cone 0.00 0 0.00 1536.44 443.21 1638.33 545.98 0.358 0.251 0.251 5.539 -1.847 -0.971 0.00
blue_cone 0.00 0 0.00 792.11 343.28 833.25 391.76 0.358 0.251 0.251 11.264 1.168 -0.971 0.00
yellow_cone 0.00 0 0.00 1333.63 343.46 1379.11 395.09 0.358 0.251 0.251 10.674 -2.236 -0.971 0.00
yellow_cone 0.00 0 0.00 1255.70 310.14 1290.75 349.18 0.358 0.251 0.251 14.738 -2.375 -0.971 0.00
blue_cone 0.00 0 0.00 839.39 314.49 869.48 348.98 0.358 0.251 0.251 15.086 1.238 -0.971 0.00
blue_cone 0.00 0 0.00 890.48 296.09 912.19 321.57 0.358 0.251 0.251 19.185 0.821 -0.971 0.00
yellow_cone 0.00 0 0.00 1209.12 289.60 1236.04 320.04 0.358 0.251 0.251 19.220 -2.514 -0.971 0.00
blue_cone 0.00 0 0.00 919.75 279.97 939.23 301.28 0.358 0.251 0.251 24.152 0.890 -0.971 0.00
yellow_cone 0.00 0 0.00 1178.91 275.36 1201.34 300.90 0.358 0.251 0.251 24.048 -2.723 -0.971 0.00
blue_cone 0.00 0 0.00 937.34 269.42 954.05 289.67 0.358 0.251 0.251 28.703 0.647 -0.971 0.00
blue_cone 0.00 0 0.00 904.18 267.44 920.12 286.08 0.358 0.251 0.251 31.656 1.446 -0.971 0.00
yellow_cone 0.00 0 0.00 464.69 270.45 482.02 288.55 0.00 0.00 0.00 0.00 0.00 0.00 0.00
blue_cone 0.00 0 0.00 3.32 289.71 24.64 313.92 0.00 0.00 0.00 0.00 0.00 0.00 0.00
yellow_cone 0.00 0 0.00 1159.29 267.82 1179.22 290.17 0.00 0.00 0.00 0.00 0.00 0.00 0.00
yellow_cone 0.00 0 0.00 218.97 281.80 236.34 299.46 0.00 0.00 0.00 0.00 0.00 0.00 0.00
blue_cone 0.00 0 0.00 700.45 266.44 714.61 282.01 0.00 0.00 0.00 0.00 0.00 0.00 0.00
blue_cone 0.00 0 0.00 826.80 263.74 842.75 280.21 0.00 0.00 0.00 0.00 0.00 0.00 0.00
blue_cone 0.00 0 0.00 373.26 275.52 391.83 294.76 0.00 0.00 0.00 0.00 0.00 0.00 0.00
blue_cone 0.00 0 0.00 573.40 267.37 591.47 283.48 0.00 0.00 0.00 0.00 0.00 0.00 0.00
yellow_cone 0.00 0 0.00 2020.70 710.91 2048.00 867.72 0.00 0.00 0.00 0.00 0.00 0.00 0.00