yellow_cone 0.00 0 0.00 0.00 0.00 0.00 0.00 0.358 0.251 0.251 1.525 -1.470 -0.971 0.00
blue_cone 0.00 0 0.00 0.00 0.00 0.00 0.00 0.358 0.251 0.251 4.366 2.458 -0.971 0.00
blue_cone 0.00 0 0.00 0.00 0.00 0.00 0.00 0.358 0.251 0.251 4.680 16.710 -0.971 0.00
blue_cone 0.00 0 0.00 0.00 0.00 0.00 0.00 0.358 0.251 0.251 8.257 18.595 -0.971 0.00
blue_cone 0.00 0 0.00 0.00 0.00 0.00 0.00 0.358 0.251 0.251 20.993 13.412 -0.971 0.00
blue_cone 0.00 0 0.00 0.00 0.00 0.00 0.00 0.358 0.251 0.251 14.275 20.465 -0.971 0.00
blue_cone 0.00 0 0.00 0.00 0.00 0.00 0.00 0.358 0.251 0.251 18.739 10.994 -0.971 0.00
blue_cone 0.00 0 0.00 0.00 0.00 0.00 0.00 0.358 0.251 0.251 20.939 16.693 -0.971 0.00
blue_cone 0.00 0 0.00 0.00 0.00 0.00 0.00 0.358 0.251 0.251 18.969 18.838 -0.971 0.00
blue_cone 0.00 0 0.00 0.00 0.00 0.00 0.00 0.358 0.251 0.251 17.207 20.200 -0.971 0.00
yellow_cone 0.00 0 0.00 0.00 0.00 0.00 0.00 0.358 0.251 0.251 24.104 13.556 -0.971 0.00
yellow_cone 0.00 0 0.00 0.00 0.00 0.00 0.00 0.358 0.251 0.251 24.711 16.993 -0.971 0.00
yellow_cone 0.00 0 0.00 0.00 0.00 0.00 0.00 0.358 0.251 0.251 23.061 20.303 -0.971 0.00
blue_cone 0.00 0 0.00 0.00 0.00 0.00 0.00 0.358 0.251 0.251 11.243 20.003 -0.971 0.00
yellow_cone 0.00 0 0.00 0.00 0.00 0.00 0.00 0.358 0.251 0.251 10.080 23.229 -0.971 0.00
yellow_cone 0.00 0 0.00 0.00 0.00 0.00 0.00 0.358 0.251 0.251 21.952 22.398 -0.971 0.00
yellow_cone 0.00 0 0.00 0.00 0.00 0.00 0.00 0.358 0.251 0.251 16.982 24.447 -0.971 0.00
yellow_cone 0.00 0 0.00 0.00 0.00 0.00 0.00 0.358 0.251 0.251 12.138 24.003 -0.971 0.00
yellow_cone 0.00 0 0.00 0.00 0.00 0.00 0.00 0.358 0.251 0.251 6.830 21.369 -0.971 0.00
yellow_cone 0.00 0 0.00 1691.78 502.62 1818.41 633.10 0.358 0.251 0.251 4.233 -1.887 -0.971 0.00
blue_cone 0.00 0 0.00 295.41 429.56 383.08 511.58 0.358 0.251 0.251 6.942 2.740 -0.971 0.00
yellow_cone 0.00 0 0.00 1157.44 384.21 1223.09 459.96 0.358 0.251 0.251 7.567 -0.887 -0.971 0.00
yellow_cone 0.00 0 0.00 917.98 325.50 964.22 373.24 0.358 0.251 0.251 12.195 0.489 -0.971 0.00
blue_cone 0.00 0 0.00 302.67 364.88 355.86 416.15 0.358 0.251 0.251 10.694 4.074 -0.971 0.00
blue_cone 0.00 0 0.00 259.71 340.43 298.79 376.25 0.358 0.251 0.251 13.945 5.700 -0.971 0.00
blue_cone 0.00 0 0.00 78.91 330.67 111.29 360.09 0.358 0.251 0.251 16.572 8.451 -0.971 0.00
yellow_cone 0.00 0 0.00 695.25 303.47 731.92 340.21 0.358 0.251 0.251 16.280 2.615 -0.971 0.00
yellow_cone 0.00 0 0.00 468.74 298.55 500.49 327.95 0.358 0.251 0.251 19.823 5.491 -0.971 0.00
yellow_cone 0.00 0 0.00 176.99 304.41 207.56 331.33 0.358 0.251 0.251 21.782 9.868 -0.971 0.00