blue_cone 0.00 0 0.00 0.00 0.00 0.00 0.00 0.358 0.251 0.251 6.068 18.730 -0.971 0.00
blue_cone 0.00 0 0.00 0.00 0.00 0.00 0.00 0.358 0.251 0.251 4.841 3.293 -0.971 0.00
yellow_cone 0.00 0 0.00 0.00 0.00 0.00 0.00 0.358 0.251 0.251 1.919 -3.079 -0.971 0.00
blue_cone 0.00 0 0.00 0.00 0.00 0.00 0.00 0.358 0.251 0.251 7.499 5.796 -0.971 0.00
blue_cone 0.00 0 0.00 0.00 0.00 0.00 0.00 0.358 0.251 0.251 9.404 12.086 -0.971 0.00
blue_cone 0.00 0 0.00 0.00 0.00 0.00 0.00 0.358 0.251 0.251 8.293 15.481 -0.971 0.00
blue_cone 0.00 0 0.00 0.00 0.00 0.00 0.00 0.358 0.251 0.251 9.372 9.119 -0.971 0.00
yellow_cone 0.00 0 0.00 0.00 0.00 0.00 0.00 0.358 0.251 0.251 13.917 9.655 -0.971 0.00
yellow_cone 0.00 0 0.00 0.00 0.00 0.00 0.00 0.358 0.251 0.251 14.080 12.817 -0.971 0.00
yellow_cone 0.00 0 0.00 0.00 0.00 0.00 0.00 0.358 0.251 0.251 12.858 16.220 -0.971 0.00
yellow_cone 0.00 0 0.00 0.00 0.00 0.00 0.00 0.358 0.251 0.251 11.066 19.122 -0.971 0.00
yellow_cone 0.00 0 0.00 0.00 0.00 0.00 0.00 0.358 0.251 0.251 9.282 22.077 -0.971 0.00
blue_cone 0.00 0 0.00 0.19 774.48 168.50 1034.06 0.358 0.251 0.251 2.273 1.323 -0.971 0.00
yellow_cone 0.00 0 0.00 1605.19 466.56 1748.28 584.45 0.358 0.251 0.251 5.108 -1.971 -0.971 0.00
yellow_cone 0.00 0 0.00 905.61 392.56 1004.14 468.46 0.358 0.251 0.251 7.943 0.197 -0.971 0.00
yellow_cone 0.00 0 0.00 587.73 380.48 667.55 443.04 0.358 0.251 0.251 9.485 1.906 -0.971 0.00
yellow_cone 0.00 0 0.00 422.03 367.51 500.69 422.92 0.358 0.251 0.251 11.069 3.240 -0.971 0.00
yellow_cone 0.00 0 0.00 119.84 365.94 188.20 412.46 0.358 0.251 0.251 12.862 6.075 -0.971 0.00