blue_cone 0.00 0 0.00 0.00 0.00 0.00 0.00 0.358 0.251 0.251 21.235 18.158 -0.971 0.00
yellow_cone 0.00 0 0.00 0.00 0.00 0.00 0.00 0.358 0.251 0.251 16.080 17.854 -0.971 0.00
yellow_cone 0.00 0 0.00 0.00 0.00 0.00 0.00 0.358 0.251 0.251 14.202 15.925 -0.971 0.00
yellow_cone 0.00 0 0.00 0.00 0.00 0.00 0.00 0.358 0.251 0.251 12.162 15.061 -0.971 0.00
blue_cone 0.00 0 0.00 0.00 0.00 0.00 0.00 0.358 0.251 0.251 15.028 11.343 -0.971 0.00
yellow_cone 0.00 0 0.00 0.00 0.00 0.00 0.00 0.358 0.251 0.251 10.287 15.644 -0.971 0.00
yellow_cone 0.00 0 0.00 0.00 0.00 0.00 0.00 0.358 0.251 0.251 7.770 16.782 -0.971 0.00
blue_cone 0.00 0 0.00 0.00 0.00 0.00 0.00 0.358 0.251 0.251 12.267 10.325 -0.971 0.00
blue_cone 0.00 0 0.00 0.00 0.00 0.00 0.00 0.358 0.251 0.251 9.249 10.483 -0.971 0.00
blue_cone 0.00 0 0.00 0.00 0.00 0.00 0.00 0.358 0.251 0.251 7.181 11.802 -0.971 0.00
blue_cone 0.00 0 0.00 0.00 0.00 0.00 0.00 0.358 0.251 0.251 17.417 13.307 -0.971 0.00
blue_cone 0.00 0 0.00 0.00 0.00 0.00 0.00 0.358 0.251 0.251 19.133 15.479 -0.971 0.00
blue_cone 0.00 0 0.00 0.00 0.00 0.00 0.00 0.358 0.251 0.251 27.102 21.424 -0.971 0.00
yellow_cone 0.00 0 0.00 0.00 0.00 0.00 0.00 0.358 0.251 0.251 32.502 -0.472 -0.971 0.00
blue_cone 0.00 0 0.00 0.00 0.00 0.00 0.00 0.358 0.251 0.251 23.957 20.420 -0.971 0.00
blue_cone 0.00 0 0.00 0.00 0.00 0.00 0.00 0.358 0.251 0.251 32.057 3.021 -0.971 0.00
blue_cone 0.00 0 0.00 0.00 0.00 0.00 0.00 0.358 0.251 0.251 34.974 3.918 -0.971 0.00
blue_cone 0.00 0 0.00 0.00 0.00 0.00 0.00 0.358 0.251 0.251 37.434 5.723 -0.971 0.00
blue_cone 0.00 0 0.00 0.00 0.00 0.00 0.00 0.358 0.251 0.251 38.752 8.442 -0.971 0.00
blue_cone 0.00 0 0.00 0.00 0.00 0.00 0.00 0.358 0.251 0.251 34.430 20.169 -0.971 0.00
blue_cone 0.00 0 0.00 0.00 0.00 0.00 0.00 0.358 0.251 0.251 31.037 21.288 -0.971 0.00
yellow_cone 0.00 0 0.00 0.00 0.00 0.00 0.00 0.358 0.251 0.251 29.751 25.680 -0.971 0.00
yellow_cone 0.00 0 0.00 0.00 0.00 0.00 0.00 0.358 0.251 0.251 26.314 25.997 -0.971 0.00
yellow_cone 0.00 0 0.00 0.00 0.00 0.00 0.00 0.358 0.251 0.251 22.389 24.550 -0.971 0.00
yellow_cone 0.00 0 0.00 0.00 0.00 0.00 0.00 0.358 0.251 0.251 19.913 22.622 -0.971 0.00
yellow_cone 0.00 0 0.00 0.00 0.00 0.00 0.00 0.358 0.251 0.251 17.671 20.068 -0.971 0.00
blue_cone 0.00 0 0.00 0.00 0.00 0.00 0.00 0.358 0.251 0.251 1.331 1.534 -0.971 0.00
yellow_cone 0.00 0 0.00 0.00 0.00 0.00 0.00 0.358 0.251 0.251 1.513 -1.771 -0.971 0.00
blue_cone 0.00 0 0.00 367.39 462.22 456.55 561.27 0.358 0.251 0.251 5.814 1.982 -0.971 0.00
yellow_cone 0.00 0 0.00 1384.13 436.30 1462.98 534.18 0.358 0.251 0.251 6.034 -1.406 -0.971 0.00
yellow_cone 0.00 0 0.00 1228.76 364.05 1283.21 426.43 0.358 0.251 0.251 9.232 -1.303 -0.971 0.00
blue_cone 0.00 0 0.00 568.84 369.07 623.29 428.12 0.358 0.251 0.251 9.544 2.132 -0.971 0.00
yellow_cone 0.00 0 0.00 1129.31 314.10 1165.19 354.34 0.358 0.251 0.251 14.374 -1.208 -0.971 0.00
blue_cone 0.00 0 0.00 710.26 316.17 744.11 353.79 0.358 0.251 0.251 14.687 2.195 -0.971 0.00
yellow_cone 0.00 0 0.00 1082.77 291.81 1111.47 324.64 0.358 0.251 0.251 18.428 -1.077 -0.971 0.00
blue_cone 0.00 0 0.00 740.65 296.24 768.43 326.30 0.358 0.251 0.251 18.509 2.402 -0.971 0.00
blue_cone 0.00 0 0.00 776.71 281.59 799.05 306.96 0.358 0.251 0.251 22.636 2.556 -0.971 0.00
yellow_cone 0.00 0 0.00 1051.01 278.27 1074.42 304.40 0.358 0.251 0.251 22.865 -0.762 -0.971 0.00
yellow_cone 0.00 0 0.00 1031.67 265.71 1049.74 286.88 0.358 0.251 0.251 27.620 -0.633 -0.971 0.00
yellow_cone 0.00 0 0.00 983.69 255.28 998.52 270.71 0.358 0.251 0.251 37.088 0.175 -0.971 0.00
blue_cone 0.00 0 0.00 801.24 271.72 819.43 290.80 0.358 0.251 0.251 27.642 2.795 -0.971 0.00
yellow_cone 0.00 0 0.00 133.62 273.25 151.24 290.77 0.00 0.00 0.00 0.00 0.00 0.00 0.00
blue_cone 0.00 0 0.00 284.31 267.90 302.63 287.45 0.00 0.00 0.00 0.00 0.00 0.00 0.00
yellow_cone 0.00 0 0.00 770.18 252.75 784.64 268.55 0.00 0.00 0.00 0.00 0.00 0.00 0.00
yellow_cone 0.00 0 0.00 625.85 255.71 640.95 270.53 0.00 0.00 0.00 0.00 0.00 0.00 0.00
yellow_cone 0.00 0 0.00 369.87 264.72 386.24 280.40 0.00 0.00 0.00 0.00 0.00 0.00 0.00
blue_cone 0.00 0 0.00 466.42 261.50 485.95 280.36 0.00 0.00 0.00 0.00 0.00 0.00 0.00