blue_cone 0.00 0 0.00 0.00 0.00 0.00 0.00 0.358 0.251 0.251 6.534 10.858 -0.971 0.00
yellow_cone 0.00 0 0.00 0.00 0.00 0.00 0.00 0.358 0.251 0.251 2.014 -2.127 -0.971 0.00
blue_cone 0.00 0 0.00 0.00 0.00 0.00 0.00 0.358 0.251 0.251 7.759 6.044 -0.971 0.00
blue_cone 0.00 0 0.00 0.00 0.00 0.00 0.00 0.358 0.251 0.251 7.927 8.264 -0.971 0.00
blue_cone 0.00 0 0.00 0.00 0.00 0.00 0.00 0.358 0.251 0.251 4.480 13.135 -0.971 0.00
yellow_cone 0.00 0 0.00 0.00 0.00 0.00 0.00 0.358 0.251 0.251 6.534 15.882 -0.971 0.00
yellow_cone 0.00 0 0.00 0.00 0.00 0.00 0.00 0.358 0.251 0.251 11.349 10.789 -0.971 0.00
yellow_cone 0.00 0 0.00 0.00 0.00 0.00 0.00 0.358 0.251 0.251 8.313 14.589 -0.971 0.00
blue_cone 0.00 0 0.00 317.03 554.29 423.82 700.71 0.358 0.251 0.251 3.732 1.531 -0.971 0.00
yellow_cone 0.00 0 0.00 1419.93 434.87 1548.09 544.72 0.358 0.251 0.251 5.358 -1.679 -0.971 0.00
yellow_cone 0.00 0 0.00 1011.67 365.32 1082.97 433.87 0.358 0.251 0.251 8.735 -0.428 -0.971 0.00
yellow_cone 0.00 0 0.00 578.28 350.56 635.59 406.41 0.358 0.251 0.251 10.736 2.323 -0.971 0.00
yellow_cone 0.00 0 0.00 151.66 355.59 200.91 405.94 0.358 0.251 0.251 11.861 5.366 -0.971 0.00
blue_cone 0.00 0 0.00 87.37 444.81 161.11 531.50 0.358 0.251 0.251 6.525 3.324 -0.971 0.00