blue_cone 0.00 0 0.00 0.00 0.00 0.00 0.00 0.358 0.251 0.251 21.232 18.157 -0.971 0.00
yellow_cone 0.00 0 0.00 0.00 0.00 0.00 0.00 0.358 0.251 0.251 16.077 17.852 -0.971 0.00
yellow_cone 0.00 0 0.00 0.00 0.00 0.00 0.00 0.358 0.251 0.251 14.199 15.924 -0.971 0.00
yellow_cone 0.00 0 0.00 0.00 0.00 0.00 0.00 0.358 0.251 0.251 12.159 15.059 -0.971 0.00
blue_cone 0.00 0 0.00 0.00 0.00 0.00 0.00 0.358 0.251 0.251 15.025 11.342 -0.971 0.00
yellow_cone 0.00 0 0.00 0.00 0.00 0.00 0.00 0.358 0.251 0.251 10.284 15.643 -0.971 0.00
yellow_cone 0.00 0 0.00 0.00 0.00 0.00 0.00 0.358 0.251 0.251 7.767 16.781 -0.971 0.00
blue_cone 0.00 0 0.00 0.00 0.00 0.00 0.00 0.358 0.251 0.251 12.264 10.323 -0.971 0.00
blue_cone 0.00 0 0.00 0.00 0.00 0.00 0.00 0.358 0.251 0.251 9.247 10.481 -0.971 0.00
blue_cone 0.00 0 0.00 0.00 0.00 0.00 0.00 0.358 0.251 0.251 7.178 11.800 -0.971 0.00
blue_cone 0.00 0 0.00 0.00 0.00 0.00 0.00 0.358 0.251 0.251 17.414 13.306 -0.971 0.00
blue_cone 0.00 0 0.00 0.00 0.00 0.00 0.00 0.358 0.251 0.251 19.130 15.478 -0.971 0.00
blue_cone 0.00 0 0.00 0.00 0.00 0.00 0.00 0.358 0.251 0.251 27.099 21.423 -0.971 0.00
blue_cone 0.00 0 0.00 0.00 0.00 0.00 0.00 0.358 0.251 0.251 23.954 20.419 -0.971 0.00
blue_cone 0.00 0 0.00 0.00 0.00 0.00 0.00 0.358 0.251 0.251 32.055 3.020 -0.971 0.00
blue_cone 0.00 0 0.00 0.00 0.00 0.00 0.00 0.358 0.251 0.251 34.971 3.917 -0.971 0.00
blue_cone 0.00 0 0.00 0.00 0.00 0.00 0.00 0.358 0.251 0.251 37.432 5.722 -0.971 0.00
blue_cone 0.00 0 0.00 0.00 0.00 0.00 0.00 0.358 0.251 0.251 38.750 8.441 -0.971 0.00
yellow_cone 0.00 0 0.00 0.00 0.00 0.00 0.00 0.358 0.251 0.251 37.086 0.174 -0.971 0.00
blue_cone 0.00 0 0.00 0.00 0.00 0.00 0.00 0.358 0.251 0.251 34.427 20.169 -0.971 0.00
blue_cone 0.00 0 0.00 0.00 0.00 0.00 0.00 0.358 0.251 0.251 31.034 21.288 -0.971 0.00
yellow_cone 0.00 0 0.00 0.00 0.00 0.00 0.00 0.358 0.251 0.251 29.748 25.680 -0.971 0.00
yellow_cone 0.00 0 0.00 0.00 0.00 0.00 0.00 0.358 0.251 0.251 26.311 25.996 -0.971 0.00
yellow_cone 0.00 0 0.00 0.00 0.00 0.00 0.00 0.358 0.251 0.251 22.386 24.549 -0.971 0.00
yellow_cone 0.00 0 0.00 0.00 0.00 0.00 0.00 0.358 0.251 0.251 19.910 22.620 -0.971 0.00
yellow_cone 0.00 0 0.00 0.00 0.00 0.00 0.00 0.358 0.251 0.251 17.668 20.066 -0.971 0.00
blue_cone 0.00 0 0.00 0.00 0.00 0.00 0.00 0.358 0.251 0.251 1.328 1.532 -0.971 0.00
yellow_cone 0.00 0 0.00 0.00 0.00 0.00 0.00 0.358 0.251 0.251 1.511 -1.773 -0.971 0.00
blue_cone 0.00 0 0.00 367.36 462.45 455.98 561.06 0.358 0.251 0.251 5.812 1.980 -0.971 0.00
yellow_cone 0.00 0 0.00 1385.13 436.94 1463.11 534.06 0.358 0.251 0.251 6.032 -1.408 -0.971 0.00
blue_cone 0.00 0 0.00 569.39 369.01 622.94 428.03 0.358 0.251 0.251 9.542 2.130 -0.971 0.00
yellow_cone 0.00 0 0.00 1228.31 364.76 1283.54 426.50 0.358 0.251 0.251 9.230 -1.304 -0.971 0.00
yellow_cone 0.00 0 0.00 1129.16 314.19 1164.99 353.54 0.358 0.251 0.251 14.372 -1.209 -0.971 0.00
blue_cone 0.00 0 0.00 711.02 315.85 744.23 353.56 0.358 0.251 0.251 14.685 2.194 -0.971 0.00
blue_cone 0.00 0 0.00 740.26 296.41 767.58 326.74 0.358 0.251 0.251 18.507 2.400 -0.971 0.00
yellow_cone 0.00 0 0.00 1083.42 291.34 1111.69 323.99 0.358 0.251 0.251 18.426 -1.079 -0.971 0.00
blue_cone 0.00 0 0.00 777.73 281.05 799.67 307.03 0.358 0.251 0.251 22.634 2.555 -0.971 0.00
blue_cone 0.00 0 0.00 800.24 271.18 818.75 290.61 0.358 0.251 0.251 27.639 2.794 -0.971 0.00
yellow_cone 0.00 0 0.00 1050.67 277.42 1074.29 304.01 0.358 0.251 0.251 22.863 -0.763 -0.971 0.00
yellow_cone 0.00 0 0.00 1031.78 266.73 1050.04 288.22 0.358 0.251 0.251 27.618 -0.634 -0.971 0.00
yellow_cone 0.00 0 0.00 983.73 256.00 999.14 272.40 0.358 0.251 0.251 32.613 -0.709 -0.971 0.00
yellow_cone 0.00 0 0.00 134.37 273.05 151.84 290.76 0.00 0.00 0.00 0.00 0.00 0.00 0.00
yellow_cone 0.00 0 0.00 625.50 255.64 640.88 270.97 0.00 0.00 0.00 0.00 0.00 0.00 0.00
yellow_cone 0.00 0 0.00 771.41 253.28 785.87 269.35 0.00 0.00 0.00 0.00 0.00 0.00 0.00
yellow_cone 0.00 0 0.00 369.86 265.02 386.71 280.84 0.00 0.00 0.00 0.00 0.00 0.00 0.00
blue_cone 0.00 0 0.00 284.08 267.47 302.85 287.63 0.00 0.00 0.00 0.00 0.00 0.00 0.00
blue_cone 0.00 0 0.00 467.09 261.42 486.19 280.09 0.00 0.00 0.00 0.00 0.00 0.00 0.00