blue_cone 0.00 0 0.00 0.00 0.00 0.00 0.00 0.358 0.251 0.251 6.349 18.035 -0.971 0.00
yellow_cone 0.00 0 0.00 0.00 0.00 0.00 0.00 0.358 0.251 0.251 6.640 23.191 -0.971 0.00
blue_cone 0.00 0 0.00 0.00 0.00 0.00 0.00 0.358 0.251 0.251 8.919 11.831 -0.971 0.00
blue_cone 0.00 0 0.00 0.00 0.00 0.00 0.00 0.358 0.251 0.251 8.284 15.070 -0.971 0.00
blue_cone 0.00 0 0.00 0.00 0.00 0.00 0.00 0.358 0.251 0.251 6.829 4.696 -0.971 0.00
blue_cone 0.00 0 0.00 0.00 0.00 0.00 0.00 0.358 0.251 0.251 8.331 7.938 -0.971 0.00
yellow_cone 0.00 0 0.00 0.00 0.00 0.00 0.00 0.358 0.251 0.251 12.842 8.710 -0.971 0.00
yellow_cone 0.00 0 0.00 0.00 0.00 0.00 0.00 0.358 0.251 0.251 13.552 12.088 -0.971 0.00
yellow_cone 0.00 0 0.00 0.00 0.00 0.00 0.00 0.358 0.251 0.251 12.566 16.153 -0.971 0.00
yellow_cone 0.00 0 0.00 0.00 0.00 0.00 0.00 0.358 0.251 0.251 10.935 18.835 -0.971 0.00
yellow_cone 0.00 0 0.00 0.00 0.00 0.00 0.00 0.358 0.251 0.251 8.656 21.355 -0.971 0.00
yellow_cone 0.00 0 0.00 0.00 0.00 0.00 0.00 0.358 0.251 0.251 2.231 -2.797 -0.971 0.00
yellow_cone 0.00 0 0.00 1594.80 452.41 1740.51 564.11 0.358 0.251 0.251 5.025 -2.012 -0.971 0.00
blue_cone 0.00 0 0.00 52.33 535.77 154.22 660.61 0.358 0.251 0.251 4.608 2.365 -0.971 0.00
yellow_cone 0.00 0 0.00 1004.58 368.81 1079.83 439.93 0.358 0.251 0.251 8.109 -0.261 -0.971 0.00
yellow_cone 0.00 0 0.00 644.76 348.95 706.89 406.47 0.358 0.251 0.251 10.444 1.823 -0.971 0.00
yellow_cone 0.00 0 0.00 224.77 353.96 277.65 404.00 0.358 0.251 0.251 11.986 5.033 -0.971 0.00