blue_cone 0.00 0 0.00 0.00 0.00 0.00 0.00 0.358 0.251 0.251 21.234 18.155 -0.971 0.00
yellow_cone 0.00 0 0.00 0.00 0.00 0.00 0.00 0.358 0.251 0.251 16.078 17.851 -0.971 0.00
yellow_cone 0.00 0 0.00 0.00 0.00 0.00 0.00 0.358 0.251 0.251 14.201 15.923 -0.971 0.00
yellow_cone 0.00 0 0.00 0.00 0.00 0.00 0.00 0.358 0.251 0.251 12.161 15.058 -0.971 0.00
blue_cone 0.00 0 0.00 0.00 0.00 0.00 0.00 0.358 0.251 0.251 15.027 11.340 -0.971 0.00
yellow_cone 0.00 0 0.00 0.00 0.00 0.00 0.00 0.358 0.251 0.251 10.285 15.642 -0.971 0.00
yellow_cone 0.00 0 0.00 0.00 0.00 0.00 0.00 0.358 0.251 0.251 7.769 16.780 -0.971 0.00
blue_cone 0.00 0 0.00 0.00 0.00 0.00 0.00 0.358 0.251 0.251 12.265 10.322 -0.971 0.00
blue_cone 0.00 0 0.00 0.00 0.00 0.00 0.00 0.358 0.251 0.251 9.248 10.480 -0.971 0.00
blue_cone 0.00 0 0.00 0.00 0.00 0.00 0.00 0.358 0.251 0.251 7.179 11.799 -0.971 0.00
blue_cone 0.00 0 0.00 0.00 0.00 0.00 0.00 0.358 0.251 0.251 17.415 13.304 -0.971 0.00
blue_cone 0.00 0 0.00 0.00 0.00 0.00 0.00 0.358 0.251 0.251 19.131 15.476 -0.971 0.00
blue_cone 0.00 0 0.00 0.00 0.00 0.00 0.00 0.358 0.251 0.251 27.101 21.421 -0.971 0.00
yellow_cone 0.00 0 0.00 0.00 0.00 0.00 0.00 0.358 0.251 0.251 32.501 -0.474 -0.971 0.00
blue_cone 0.00 0 0.00 0.00 0.00 0.00 0.00 0.358 0.251 0.251 23.956 20.418 -0.971 0.00
blue_cone 0.00 0 0.00 0.00 0.00 0.00 0.00 0.358 0.251 0.251 32.055 3.018 -0.971 0.00
blue_cone 0.00 0 0.00 0.00 0.00 0.00 0.00 0.358 0.251 0.251 34.972 3.915 -0.971 0.00
blue_cone 0.00 0 0.00 0.00 0.00 0.00 0.00 0.358 0.251 0.251 37.433 5.720 -0.971 0.00
blue_cone 0.00 0 0.00 0.00 0.00 0.00 0.00 0.358 0.251 0.251 38.751 8.439 -0.971 0.00
blue_cone 0.00 0 0.00 0.00 0.00 0.00 0.00 0.358 0.251 0.251 34.428 20.167 -0.971 0.00
blue_cone 0.00 0 0.00 0.00 0.00 0.00 0.00 0.358 0.251 0.251 31.036 21.286 -0.971 0.00
yellow_cone 0.00 0 0.00 0.00 0.00 0.00 0.00 0.358 0.251 0.251 29.750 25.678 -0.971 0.00
yellow_cone 0.00 0 0.00 0.00 0.00 0.00 0.00 0.358 0.251 0.251 26.313 25.995 -0.971 0.00
yellow_cone 0.00 0 0.00 0.00 0.00 0.00 0.00 0.358 0.251 0.251 22.387 24.547 -0.971 0.00
yellow_cone 0.00 0 0.00 0.00 0.00 0.00 0.00 0.358 0.251 0.251 19.912 22.619 -0.971 0.00
yellow_cone 0.00 0 0.00 0.00 0.00 0.00 0.00 0.358 0.251 0.251 17.670 20.065 -0.971 0.00
blue_cone 0.00 0 0.00 0.00 0.00 0.00 0.00 0.358 0.251 0.251 1.329 1.532 -0.971 0.00
yellow_cone 0.00 0 0.00 0.00 0.00 0.00 0.00 0.358 0.251 0.251 1.511 -1.773 -0.971 0.00
blue_cone 0.00 0 0.00 366.48 462.22 455.76 561.20 0.358 0.251 0.251 5.812 1.980 -0.971 0.00
yellow_cone 0.00 0 0.00 1386.09 436.40 1463.28 534.08 0.358 0.251 0.251 6.032 -1.409 -0.971 0.00
blue_cone 0.00 0 0.00 569.77 368.92 622.70 428.28 0.358 0.251 0.251 9.543 2.129 -0.971 0.00
yellow_cone 0.00 0 0.00 1228.35 363.76 1283.71 426.62 0.358 0.251 0.251 9.231 -1.305 -0.971 0.00
blue_cone 0.00 0 0.00 710.82 315.25 744.25 353.59 0.358 0.251 0.251 14.686 2.193 -0.971 0.00
yellow_cone 0.00 0 0.00 1129.37 313.96 1165.24 353.98 0.358 0.251 0.251 14.372 -1.210 -0.971 0.00
blue_cone 0.00 0 0.00 740.39 296.02 767.86 326.36 0.358 0.251 0.251 18.507 2.399 -0.971 0.00
yellow_cone 0.00 0 0.00 1083.12 291.46 1111.27 324.17 0.358 0.251 0.251 18.427 -1.080 -0.971 0.00
yellow_cone 0.00 0 0.00 1050.96 277.46 1074.59 303.89 0.358 0.251 0.251 22.864 -0.764 -0.971 0.00
blue_cone 0.00 0 0.00 777.55 281.16 799.51 306.96 0.358 0.251 0.251 22.635 2.553 -0.971 0.00
blue_cone 0.00 0 0.00 801.27 271.51 818.82 290.47 0.358 0.251 0.251 27.640 2.793 -0.971 0.00
yellow_cone 0.00 0 0.00 1031.26 265.27 1049.46 286.61 0.358 0.251 0.251 27.618 -0.635 -0.971 0.00
yellow_cone 0.00 0 0.00 983.95 255.77 999.23 271.65 0.358 0.251 0.251 37.087 0.172 -0.971 0.00
yellow_cone 0.00 0 0.00 133.93 273.38 151.31 291.01 0.00 0.00 0.00 0.00 0.00 0.00 0.00
blue_cone 0.00 0 0.00 283.82 267.51 302.49 287.37 0.00 0.00 0.00 0.00 0.00 0.00 0.00
yellow_cone 0.00 0 0.00 770.53 252.70 784.57 268.17 0.00 0.00 0.00 0.00 0.00 0.00 0.00
yellow_cone 0.00 0 0.00 625.94 255.69 641.27 270.70 0.00 0.00 0.00 0.00 0.00 0.00 0.00
yellow_cone 0.00 0 0.00 369.94 264.88 386.51 280.86 0.00 0.00 0.00 0.00 0.00 0.00 0.00