blue_cone 0.00 0 0.00 0.00 0.00 0.00 0.00 0.358 0.251 0.251 21.234 18.156 -0.971 0.00
yellow_cone 0.00 0 0.00 0.00 0.00 0.00 0.00 0.358 0.251 0.251 16.078 17.852 -0.971 0.00
blue_cone 0.00 0 0.00 0.00 0.00 0.00 0.00 0.358 0.251 0.251 22.634 2.554 -0.971 0.00
yellow_cone 0.00 0 0.00 0.00 0.00 0.00 0.00 0.358 0.251 0.251 14.200 15.923 -0.971 0.00
yellow_cone 0.00 0 0.00 0.00 0.00 0.00 0.00 0.358 0.251 0.251 12.160 15.059 -0.971 0.00
blue_cone 0.00 0 0.00 0.00 0.00 0.00 0.00 0.358 0.251 0.251 15.026 11.341 -0.971 0.00
yellow_cone 0.00 0 0.00 0.00 0.00 0.00 0.00 0.358 0.251 0.251 10.285 15.642 -0.971 0.00
yellow_cone 0.00 0 0.00 0.00 0.00 0.00 0.00 0.358 0.251 0.251 7.769 16.781 -0.971 0.00
blue_cone 0.00 0 0.00 0.00 0.00 0.00 0.00 0.358 0.251 0.251 12.265 10.323 -0.971 0.00
blue_cone 0.00 0 0.00 0.00 0.00 0.00 0.00 0.358 0.251 0.251 9.247 10.481 -0.971 0.00
blue_cone 0.00 0 0.00 0.00 0.00 0.00 0.00 0.358 0.251 0.251 7.179 11.800 -0.971 0.00
blue_cone 0.00 0 0.00 0.00 0.00 0.00 0.00 0.358 0.251 0.251 17.415 13.305 -0.971 0.00
blue_cone 0.00 0 0.00 0.00 0.00 0.00 0.00 0.358 0.251 0.251 19.131 15.477 -0.971 0.00
blue_cone 0.00 0 0.00 0.00 0.00 0.00 0.00 0.358 0.251 0.251 27.101 21.422 -0.971 0.00
yellow_cone 0.00 0 0.00 0.00 0.00 0.00 0.00 0.358 0.251 0.251 32.500 -0.474 -0.971 0.00
blue_cone 0.00 0 0.00 0.00 0.00 0.00 0.00 0.358 0.251 0.251 23.956 20.418 -0.971 0.00
blue_cone 0.00 0 0.00 0.00 0.00 0.00 0.00 0.358 0.251 0.251 32.054 3.018 -0.971 0.00
blue_cone 0.00 0 0.00 0.00 0.00 0.00 0.00 0.358 0.251 0.251 34.971 3.915 -0.971 0.00
blue_cone 0.00 0 0.00 0.00 0.00 0.00 0.00 0.358 0.251 0.251 37.432 5.720 -0.971 0.00
blue_cone 0.00 0 0.00 0.00 0.00 0.00 0.00 0.358 0.251 0.251 38.750 8.439 -0.971 0.00
blue_cone 0.00 0 0.00 0.00 0.00 0.00 0.00 0.358 0.251 0.251 34.428 20.167 -0.971 0.00
blue_cone 0.00 0 0.00 0.00 0.00 0.00 0.00 0.358 0.251 0.251 31.036 21.286 -0.971 0.00
yellow_cone 0.00 0 0.00 0.00 0.00 0.00 0.00 0.358 0.251 0.251 29.750 25.678 -0.971 0.00
yellow_cone 0.00 0 0.00 0.00 0.00 0.00 0.00 0.358 0.251 0.251 26.313 25.995 -0.971 0.00
yellow_cone 0.00 0 0.00 0.00 0.00 0.00 0.00 0.358 0.251 0.251 22.387 24.548 -0.971 0.00
yellow_cone 0.00 0 0.00 0.00 0.00 0.00 0.00 0.358 0.251 0.251 19.912 22.619 -0.971 0.00
yellow_cone 0.00 0 0.00 0.00 0.00 0.00 0.00 0.358 0.251 0.251 17.670 20.065 -0.971 0.00
blue_cone 0.00 0 0.00 0.00 0.00 0.00 0.00 0.358 0.251 0.251 1.328 1.533 -0.971 0.00
yellow_cone 0.00 0 0.00 0.00 0.00 0.00 0.00 0.358 0.251 0.251 1.510 -1.772 -0.971 0.00
blue_cone 0.00 0 0.00 366.62 462.29 456.55 561.12 0.358 0.251 0.251 5.812 1.981 -0.971 0.00
yellow_cone 0.00 0 0.00 1384.90 437.00 1462.71 534.14 0.358 0.251 0.251 6.031 -1.408 -0.971 0.00
blue_cone 0.00 0 0.00 568.95 368.66 622.71 428.02 0.358 0.251 0.251 9.542 2.130 -0.971 0.00
yellow_cone 0.00 0 0.00 1228.12 364.51 1283.75 426.27 0.358 0.251 0.251 9.230 -1.304 -0.971 0.00
blue_cone 0.00 0 0.00 710.35 316.05 743.42 353.64 0.358 0.251 0.251 14.685 2.193 -0.971 0.00
yellow_cone 0.00 0 0.00 1129.10 314.31 1165.17 354.20 0.358 0.251 0.251 14.371 -1.210 -0.971 0.00
yellow_cone 0.00 0 0.00 1083.42 291.76 1111.35 324.32 0.358 0.251 0.251 18.426 -1.079 -0.971 0.00
blue_cone 0.00 0 0.00 740.25 296.33 767.94 326.47 0.358 0.251 0.251 18.506 2.400 -0.971 0.00
blue_cone 0.00 0 0.00 777.77 281.63 799.41 306.66 0.358 0.251 0.251 27.639 2.793 -0.971 0.00
yellow_cone 0.00 0 0.00 1050.39 277.58 1074.06 303.60 0.358 0.251 0.251 22.863 -0.764 -0.971 0.00
yellow_cone 0.00 0 0.00 1031.11 266.67 1049.78 288.37 0.358 0.251 0.251 27.617 -0.635 -0.971 0.00
yellow_cone 0.00 0 0.00 983.68 255.66 998.49 271.69 0.358 0.251 0.251 37.108 -0.074 -0.971 0.00
yellow_cone 0.00 0 0.00 133.78 273.14 151.21 290.80 0.00 0.00 0.00 0.00 0.00 0.00 0.00
blue_cone 0.00 0 0.00 801.86 271.75 819.46 290.79 0.00 0.00 0.00 0.00 0.00 0.00 0.00
yellow_cone 0.00 0 0.00 770.42 252.75 784.65 269.04 0.00 0.00 0.00 0.00 0.00 0.00 0.00
yellow_cone 0.00 0 0.00 625.92 255.83 641.16 270.75 0.00 0.00 0.00 0.00 0.00 0.00 0.00
yellow_cone 0.00 0 0.00 370.00 264.51 386.51 280.41 0.00 0.00 0.00 0.00 0.00 0.00 0.00
yellow_cone 0.00 0 0.00 284.39 267.40 302.88 287.12 0.00 0.00 0.00 0.00 0.00 0.00 0.00