yellow_cone 0.00 0 0.00 0.00 0.00 0.00 0.00 0.358 0.251 0.251 0.989 -2.179 -0.971 0.00
blue_cone 0.00 0 0.00 0.00 0.00 0.00 0.00 0.358 0.251 0.251 8.246 5.936 -0.971 0.00
blue_cone 0.00 0 0.00 0.00 0.00 0.00 0.00 0.358 0.251 0.251 8.630 8.748 -0.971 0.00
yellow_cone 0.00 0 0.00 0.00 0.00 0.00 0.00 0.358 0.251 0.251 12.999 9.136 -0.971 0.00
blue_cone 0.00 0 0.00 0.00 0.00 0.00 0.00 0.358 0.251 0.251 8.621 12.399 -0.971 0.00
blue_cone 0.00 0 0.00 0.00 0.00 0.00 0.00 0.358 0.251 0.251 5.334 18.091 -0.971 0.00
yellow_cone 0.00 0 0.00 0.00 0.00 0.00 0.00 0.358 0.251 0.251 12.769 11.526 -0.971 0.00
blue_cone 0.00 0 0.00 0.00 0.00 0.00 0.00 0.358 0.251 0.251 7.478 16.038 -0.971 0.00
yellow_cone 0.00 0 0.00 0.00 0.00 0.00 0.00 0.358 0.251 0.251 10.194 19.721 -0.971 0.00
yellow_cone 0.00 0 0.00 0.00 0.00 0.00 0.00 0.358 0.251 0.251 7.998 22.002 -0.971 0.00
yellow_cone 0.00 0 0.00 0.00 0.00 0.00 0.00 0.358 0.251 0.251 11.984 16.705 -0.971 0.00
yellow_cone 0.00 0 0.00 0.00 0.00 0.00 0.00 0.358 0.251 0.251 12.815 13.473 -0.971 0.00
blue_cone 0.00 0 0.00 140.86 594.44 259.46 748.65 0.358 0.251 0.251 3.816 1.865 -0.971 0.00
blue_cone 0.00 0 0.00 92.58 469.85 171.21 554.08 0.358 0.251 0.251 6.442 3.198 -0.971 0.00
yellow_cone 0.00 0 0.00 1624.52 466.54 1748.71 578.62 0.358 0.251 0.251 5.275 -2.179 -0.971 0.00
yellow_cone 0.00 0 0.00 1053.55 387.41 1113.39 452.98 0.358 0.251 0.251 8.568 -0.428 -0.971 0.00
yellow_cone 0.00 0 0.00 630.28 367.02 673.34 416.33 0.358 0.251 0.251 10.819 2.031 -0.971 0.00
yellow_cone 0.00 0 0.00 195.42 371.49 236.62 419.48 0.358 0.251 0.251 12.278 5.116 -0.971 0.00