blue_cone 0.00 0 0.00 0.00 0.00 0.00 0.00 0.358 0.251 0.251 5.811 19.855 -0.971 0.00
blue_cone 0.00 0 0.00 0.00 0.00 0.00 0.00 0.358 0.251 0.251 9.938 14.559 -0.971 0.00
blue_cone 0.00 0 0.00 0.00 0.00 0.00 0.00 0.358 0.251 0.251 8.464 17.512 -0.971 0.00
blue_cone 0.00 0 0.00 0.00 0.00 0.00 0.00 0.358 0.251 0.251 1.708 1.441 -0.971 0.00
yellow_cone 0.00 0 0.00 0.00 0.00 0.00 0.00 0.358 0.251 0.251 3.255 -2.663 -0.971 0.00
blue_cone 0.00 0 0.00 0.00 0.00 0.00 0.00 0.358 0.251 0.251 9.822 7.125 -0.971 0.00
blue_cone 0.00 0 0.00 0.00 0.00 0.00 0.00 0.358 0.251 0.251 10.408 10.649 -0.971 0.00
yellow_cone 0.00 0 0.00 0.00 0.00 0.00 0.00 0.358 0.251 0.251 14.797 9.192 -0.971 0.00
yellow_cone 0.00 0 0.00 0.00 0.00 0.00 0.00 0.358 0.251 0.251 14.551 12.594 -0.971 0.00
yellow_cone 0.00 0 0.00 0.00 0.00 0.00 0.00 0.358 0.251 0.251 14.337 16.039 -0.971 0.00
yellow_cone 0.00 0 0.00 0.00 0.00 0.00 0.00 0.358 0.251 0.251 12.304 19.696 -0.971 0.00
yellow_cone 0.00 0 0.00 0.00 0.00 0.00 0.00 0.358 0.251 0.251 10.019 21.846 -0.971 0.00
yellow_cone 0.00 0 0.00 0.00 0.00 0.00 0.00 0.358 0.251 0.251 7.151 23.670 -0.971 0.00
blue_cone 0.00 0 0.00 44.09 406.30 132.41 481.95 0.358 0.251 0.251 8.360 4.241 -0.971 0.00
blue_cone 0.00 0 0.00 165.02 504.48 275.64 617.68 0.358 0.251 0.251 5.223 2.430 -0.971 0.00
yellow_cone 0.00 0 0.00 1312.49 390.22 1423.73 474.85 0.358 0.251 0.251 6.942 -1.512 -0.971 0.00
yellow_cone 0.00 0 0.00 1572.60 453.71 1722.56 569.30 0.358 0.251 0.251 5.150 -1.929 -0.971 0.00
yellow_cone 0.00 0 0.00 926.71 342.92 1009.52 404.75 0.358 0.251 0.251 10.027 0.114 -0.971 0.00
yellow_cone 0.00 0 0.00 573.14 325.93 635.85 376.39 0.358 0.251 0.251 12.486 2.573 -0.971 0.00
yellow_cone 0.00 0 0.00 297.51 326.54 353.94 372.24 0.358 0.251 0.251 14.279 5.199 -0.971 0.00