blue_cone 0.00 0 0.00 0.00 0.00 0.00 0.00 0.358 0.251 0.251 21.209 18.083 -0.971 0.00
yellow_cone 0.00 0 0.00 0.00 0.00 0.00 0.00 0.358 0.251 0.251 16.052 17.802 -0.971 0.00
yellow_cone 0.00 0 0.00 0.00 0.00 0.00 0.00 0.358 0.251 0.251 14.166 15.881 -0.971 0.00
yellow_cone 0.00 0 0.00 0.00 0.00 0.00 0.00 0.358 0.251 0.251 12.122 15.026 -0.971 0.00
blue_cone 0.00 0 0.00 0.00 0.00 0.00 0.00 0.358 0.251 0.251 14.972 11.296 -0.971 0.00
yellow_cone 0.00 0 0.00 0.00 0.00 0.00 0.00 0.358 0.251 0.251 10.249 15.618 -0.971 0.00
yellow_cone 0.00 0 0.00 0.00 0.00 0.00 0.00 0.358 0.251 0.251 7.738 16.767 -0.971 0.00
blue_cone 0.00 0 0.00 0.00 0.00 0.00 0.00 0.358 0.251 0.251 12.206 10.289 -0.971 0.00
blue_cone 0.00 0 0.00 0.00 0.00 0.00 0.00 0.358 0.251 0.251 9.189 10.461 -0.971 0.00
blue_cone 0.00 0 0.00 0.00 0.00 0.00 0.00 0.358 0.251 0.251 7.126 11.789 -0.971 0.00
blue_cone 0.00 0 0.00 0.00 0.00 0.00 0.00 0.358 0.251 0.251 17.369 13.249 -0.971 0.00
blue_cone 0.00 0 0.00 0.00 0.00 0.00 0.00 0.358 0.251 0.251 19.095 15.413 -0.971 0.00
blue_cone 0.00 0 0.00 0.00 0.00 0.00 0.00 0.358 0.251 0.251 27.090 21.323 -0.971 0.00
blue_cone 0.00 0 0.00 0.00 0.00 0.00 0.00 0.358 0.251 0.251 23.941 20.334 -0.971 0.00
blue_cone 0.00 0 0.00 0.00 0.00 0.00 0.00 0.358 0.251 0.251 31.964 2.898 -0.971 0.00
blue_cone 0.00 0 0.00 0.00 0.00 0.00 0.00 0.358 0.251 0.251 34.884 3.783 -0.971 0.00
blue_cone 0.00 0 0.00 0.00 0.00 0.00 0.00 0.358 0.251 0.251 37.353 5.577 -0.971 0.00
blue_cone 0.00 0 0.00 0.00 0.00 0.00 0.00 0.358 0.251 0.251 38.683 8.290 -0.971 0.00
yellow_cone 0.00 0 0.00 0.00 0.00 0.00 0.00 0.358 0.251 0.251 36.983 0.030 -0.971 0.00
blue_cone 0.00 0 0.00 0.00 0.00 0.00 0.00 0.358 0.251 0.251 34.412 20.036 -0.971 0.00
blue_cone 0.00 0 0.00 0.00 0.00 0.00 0.00 0.358 0.251 0.251 31.025 21.170 -0.971 0.00
yellow_cone 0.00 0 0.00 0.00 0.00 0.00 0.00 0.358 0.251 0.251 29.758 25.568 -0.971 0.00
yellow_cone 0.00 0 0.00 0.00 0.00 0.00 0.00 0.358 0.251 0.251 26.322 25.900 -0.971 0.00
yellow_cone 0.00 0 0.00 0.00 0.00 0.00 0.00 0.358 0.251 0.251 22.391 24.470 -0.971 0.00
yellow_cone 0.00 0 0.00 0.00 0.00 0.00 0.00 0.358 0.251 0.251 19.907 22.553 -0.971 0.00
yellow_cone 0.00 0 0.00 0.00 0.00 0.00 0.00 0.358 0.251 0.251 17.653 20.008 -0.971 0.00
yellow_cone 0.00 0 0.00 0.00 0.00 0.00 0.00 0.358 0.251 0.251 1.399 -1.758 -0.971 0.00
blue_cone 0.00 0 0.00 362.59 477.45 454.35 577.36 0.358 0.251 0.251 5.717 1.976 -0.971 0.00
yellow_cone 0.00 0 0.00 1391.69 449.81 1478.87 551.51 0.358 0.251 0.251 5.922 -1.414 -0.971 0.00
blue_cone 0.00 0 0.00 572.41 382.23 625.34 440.88 0.358 0.251 0.251 9.448 2.108 -0.971 0.00
yellow_cone 0.00 0 0.00 1236.96 374.99 1292.85 440.08 0.358 0.251 0.251 9.121 -1.324 -0.971 0.00
blue_cone 0.00 0 0.00 715.34 327.08 748.86 365.08 0.358 0.251 0.251 14.591 2.149 -0.971 0.00
yellow_cone 0.00 0 0.00 1136.71 324.73 1171.90 364.98 0.358 0.251 0.251 14.262 -1.252 -0.971 0.00
yellow_cone 0.00 0 0.00 1088.73 303.18 1118.30 335.99 0.358 0.251 0.251 18.317 -1.140 -0.971 0.00
blue_cone 0.00 0 0.00 746.25 308.08 772.50 337.28 0.358 0.251 0.251 18.413 2.339 -0.971 0.00
blue_cone 0.00 0 0.00 820.38 275.13 836.11 292.95 0.358 0.251 0.251 22.541 2.475 -0.971 0.00
yellow_cone 0.00 0 0.00 1058.40 289.69 1081.44 315.76 0.358 0.251 0.251 22.755 -0.843 -0.971 0.00
blue_cone 0.00 0 0.00 803.32 283.44 821.63 304.10 0.358 0.251 0.251 27.548 2.692 -0.971 0.00
yellow_cone 0.00 0 0.00 1036.71 277.55 1055.43 298.97 0.358 0.251 0.251 27.511 -0.735 -0.971 0.00
yellow_cone 0.00 0 0.00 1022.74 270.60 1039.88 291.79 0.358 0.251 0.251 32.394 -0.596 -0.971 0.00
yellow_cone 0.00 0 0.00 375.92 275.93 392.07 291.93 0.00 0.00 0.00 0.00 0.00 0.00 0.00
blue_cone 0.00 0 0.00 719.47 268.82 733.37 284.19 0.00 0.00 0.00 0.00 0.00 0.00 0.00
yellow_cone 0.00 0 0.00 138.84 284.37 156.72 301.39 0.00 0.00 0.00 0.00 0.00 0.00 0.00
blue_cone 0.00 0 0.00 291.55 281.60 306.63 299.10 0.00 0.00 0.00 0.00 0.00 0.00 0.00