blue_cone 0.00 0 0.00 0.00 0.00 0.00 0.00 0.358 0.251 0.251 4.734 17.129 -0.971 0.00
blue_cone 0.00 0 0.00 0.00 0.00 0.00 0.00 0.358 0.251 0.251 1.420 1.486 -0.971 0.00
yellow_cone 0.00 0 0.00 0.00 0.00 0.00 0.00 0.358 0.251 0.251 1.209 -1.987 -0.971 0.00
blue_cone 0.00 0 0.00 0.00 0.00 0.00 0.00 0.358 0.251 0.251 10.719 20.174 -0.971 0.00
blue_cone 0.00 0 0.00 0.00 0.00 0.00 0.00 0.358 0.251 0.251 7.539 19.288 -0.971 0.00
blue_cone 0.00 0 0.00 0.00 0.00 0.00 0.00 0.358 0.251 0.251 17.930 2.385 -0.971 0.00
blue_cone 0.00 0 0.00 0.00 0.00 0.00 0.00 0.358 0.251 0.251 20.456 4.097 -0.971 0.00
blue_cone 0.00 0 0.00 0.00 0.00 0.00 0.00 0.358 0.251 0.251 21.875 6.765 -0.971 0.00
blue_cone 0.00 0 0.00 0.00 0.00 0.00 0.00 0.358 0.251 0.251 22.032 9.599 -0.971 0.00
yellow_cone 0.00 0 0.00 0.00 0.00 0.00 0.00 0.358 0.251 0.251 26.355 10.337 -0.971 0.00
yellow_cone 0.00 0 0.00 0.00 0.00 0.00 0.00 0.358 0.251 0.251 25.197 3.344 -0.971 0.00
blue_cone 0.00 0 0.00 0.00 0.00 0.00 0.00 0.358 0.251 0.251 21.729 13.237 -0.971 0.00
blue_cone 0.00 0 0.00 0.00 0.00 0.00 0.00 0.358 0.251 0.251 17.994 18.646 -0.971 0.00
blue_cone 0.00 0 0.00 0.00 0.00 0.00 0.00 0.358 0.251 0.251 14.646 19.891 -0.971 0.00
yellow_cone 0.00 0 0.00 0.00 0.00 0.00 0.00 0.358 0.251 0.251 26.220 6.715 -0.971 0.00
yellow_cone 0.00 0 0.00 0.00 0.00 0.00 0.00 0.358 0.251 0.251 25.933 12.700 -0.971 0.00
blue_cone 0.00 0 0.00 0.00 0.00 0.00 0.00 0.358 0.251 0.251 20.296 16.772 -0.971 0.00
yellow_cone 0.00 0 0.00 0.00 0.00 0.00 0.00 0.358 0.251 0.251 22.707 20.662 -0.971 0.00
yellow_cone 0.00 0 0.00 0.00 0.00 0.00 0.00 0.358 0.251 0.251 20.335 22.759 -0.971 0.00
yellow_cone 0.00 0 0.00 0.00 0.00 0.00 0.00 0.358 0.251 0.251 16.912 23.923 -0.971 0.00
yellow_cone 0.00 0 0.00 0.00 0.00 0.00 0.00 0.358 0.251 0.251 13.525 24.328 -0.971 0.00
yellow_cone 0.00 0 0.00 0.00 0.00 0.00 0.00 0.358 0.251 0.251 10.102 24.773 -0.971 0.00
yellow_cone 0.00 0 0.00 0.00 0.00 0.00 0.00 0.358 0.251 0.251 24.734 17.799 -0.971 0.00
yellow_cone 0.00 0 0.00 0.00 0.00 0.00 0.00 0.358 0.251 0.251 25.823 14.645 -0.971 0.00
blue_cone 0.00 0 0.00 479.06 478.20 567.44 582.91 0.358 0.251 0.251 5.233 1.448 -0.971 0.00
yellow_cone 0.00 0 0.00 1553.51 451.09 1656.62 558.82 0.358 0.251 0.251 5.400 -1.846 -0.971 0.00
yellow_cone 0.00 0 0.00 1308.85 348.14 1357.39 405.02 0.358 0.251 0.251 10.110 -1.887 -0.971 0.00
blue_cone 0.00 0 0.00 711.89 354.78 755.09 409.71 0.358 0.251 0.251 10.319 1.531 -0.971 0.00
blue_cone 0.00 0 0.00 787.53 315.60 816.00 354.78 0.358 0.251 0.251 14.696 1.656 -0.971 0.00
yellow_cone 0.00 0 0.00 1216.33 308.98 1246.46 346.58 0.358 0.251 0.251 15.196 -2.012 -0.971 0.00
yellow_cone 0.00 0 0.00 1127.07 289.33 1150.49 317.28 0.358 0.251 0.251 19.573 -1.595 -0.971 0.00
yellow_cone 0.00 0 0.00 947.70 283.30 968.51 308.31 0.358 0.251 0.251 22.741 0.572 -0.971 0.00
blue_cone 0.00 0 0.00 744.69 305.65 770.95 335.05 0.00 0.00 0.00 0.00 0.00 0.00 0.00
blue_cone 0.00 0 0.00 436.19 303.18 456.55 327.87 0.00 0.00 0.00 0.00 0.00 0.00 0.00
yellow_cone 0.00 0 0.00 279.88 300.11 301.77 322.58 0.00 0.00 0.00 0.00 0.00 0.00 0.00
yellow_cone 0.00 0 0.00 113.52 309.51 135.81 333.63 0.00 0.00 0.00 0.00 0.00 0.00 0.00
blue_cone 0.00 0 0.00 211.22 313.57 233.13 337.99 0.00 0.00 0.00 0.00 0.00 0.00 0.00
yellow_cone 0.00 0 0.00 522.41 287.26 542.52 310.56 0.00 0.00 0.00 0.00 0.00 0.00 0.00
yellow_cone 0.00 0 0.00 753.40 283.76 771.64 306.14 0.00 0.00 0.00 0.00 0.00 0.00 0.00