blue_cone 0.00 0 0.00 0.00 0.00 0.00 0.00 0.358 0.251 0.251 5.126 8.898 -0.971 0.00
blue_cone 0.00 0 0.00 0.00 0.00 0.00 0.00 0.358 0.251 0.251 4.776 3.942 -0.971 0.00
blue_cone 0.00 0 0.00 0.00 0.00 0.00 0.00 0.358 0.251 0.251 5.633 5.998 -0.971 0.00
yellow_cone 0.00 0 0.00 0.00 0.00 0.00 0.00 0.358 0.251 0.251 1.010 -2.389 -0.971 0.00
yellow_cone 0.00 0 0.00 0.00 0.00 0.00 0.00 0.358 0.251 0.251 4.487 -2.083 -0.971 0.00
blue_cone 0.00 0 0.00 0.00 0.00 0.00 0.00 0.358 0.251 0.251 3.893 11.705 -0.971 0.00
yellow_cone 0.00 0 0.00 0.00 0.00 0.00 0.00 0.358 0.251 0.251 6.705 13.667 -0.971 0.00
yellow_cone 0.00 0 0.00 0.00 0.00 0.00 0.00 0.358 0.251 0.251 9.676 7.319 -0.971 0.00
yellow_cone 0.00 0 0.00 0.00 0.00 0.00 0.00 0.358 0.251 0.251 7.988 11.881 -0.971 0.00
yellow_cone 0.00 0 0.00 1108.59 416.53 1210.93 514.82 0.358 0.251 0.251 6.442 -0.678 -0.971 0.00
yellow_cone 0.00 0 0.00 525.80 384.97 605.64 462.31 0.358 0.251 0.251 8.610 2.031 -0.971 0.00
blue_cone 0.00 0 0.00 0.24 677.36 165.61 897.69 0.358 0.251 0.251 2.940 1.573 -0.971 0.00
yellow_cone 0.00 0 0.00 1929.64 532.88 2048.00 687.28 0.00 0.00 0.00 0.00 0.00 0.00 0.00