blue_cone 0.00 0 0.00 0.00 0.00 0.00 0.00 0.358 0.251 0.251 5.277 3.893 -0.971 0.00
blue_cone 0.00 0 0.00 0.00 0.00 0.00 0.00 0.358 0.251 0.251 6.477 6.465 -0.971 0.00
yellow_cone 0.00 0 0.00 0.00 0.00 0.00 0.00 0.358 0.251 0.251 3.984 -2.313 -0.971 0.00
blue_cone 0.00 0 0.00 0.00 0.00 0.00 0.00 0.358 0.251 0.251 7.549 9.955 -0.971 0.00
blue_cone 0.00 0 0.00 0.00 0.00 0.00 0.00 0.358 0.251 0.251 6.095 16.365 -0.971 0.00
yellow_cone 0.00 0 0.00 0.00 0.00 0.00 0.00 0.358 0.251 0.251 11.252 7.893 -0.971 0.00
blue_cone 0.00 0 0.00 0.00 0.00 0.00 0.00 0.358 0.251 0.251 7.534 13.769 -0.971 0.00
yellow_cone 0.00 0 0.00 0.00 0.00 0.00 0.00 0.358 0.251 0.251 11.219 16.483 -0.971 0.00
yellow_cone 0.00 0 0.00 0.00 0.00 0.00 0.00 0.358 0.251 0.251 9.797 19.312 -0.971 0.00
yellow_cone 0.00 0 0.00 0.00 0.00 0.00 0.00 0.358 0.251 0.251 7.053 21.666 -0.971 0.00
yellow_cone 0.00 0 0.00 0.00 0.00 0.00 0.00 0.358 0.251 0.251 12.036 13.072 -0.971 0.00
yellow_cone 0.00 0 0.00 0.00 0.00 0.00 0.00 0.358 0.251 0.251 11.873 9.739 -0.971 0.00
blue_cone 0.00 0 0.00 0.10 627.29 106.28 920.08 0.358 0.251 0.251 2.968 1.944 -0.971 0.00
yellow_cone 0.00 0 0.00 1146.49 407.25 1236.50 492.20 0.358 0.251 0.251 6.901 -0.845 -0.971 0.00
yellow_cone 0.00 0 0.00 558.83 381.03 634.46 447.02 0.358 0.251 0.251 9.110 1.948 -0.971 0.00
yellow_cone 0.00 0 0.00 81.66 390.30 145.26 444.37 0.358 0.251 0.251 10.527 5.241 -0.971 0.00
yellow_cone 0.00 0 0.00 1950.02 529.59 2048.00 685.13 0.00 0.00 0.00 0.00 0.00 0.00 0.00