yellow_cone 0.00 0 0.00 0.00 0.00 0.00 0.00 0.358 0.251 0.251 0.964 -1.790 -0.971 0.00
blue_cone 0.00 0 0.00 0.00 0.00 0.00 0.00 0.358 0.251 0.251 5.832 20.265 -0.971 0.00
blue_cone 0.00 0 0.00 0.00 0.00 0.00 0.00 0.358 0.251 0.251 15.712 4.276 -0.971 0.00
blue_cone 0.00 0 0.00 0.00 0.00 0.00 0.00 0.358 0.251 0.251 17.107 6.956 -0.971 0.00
blue_cone 0.00 0 0.00 0.00 0.00 0.00 0.00 0.358 0.251 0.251 17.238 9.791 -0.971 0.00
yellow_cone 0.00 0 0.00 0.00 0.00 0.00 0.00 0.358 0.251 0.251 21.555 10.568 -0.971 0.00
yellow_cone 0.00 0 0.00 0.00 0.00 0.00 0.00 0.358 0.251 0.251 20.459 3.566 -0.971 0.00
blue_cone 0.00 0 0.00 0.00 0.00 0.00 0.00 0.358 0.251 0.251 16.903 13.427 -0.971 0.00
blue_cone 0.00 0 0.00 0.00 0.00 0.00 0.00 0.358 0.251 0.251 13.121 18.802 -0.971 0.00
blue_cone 0.00 0 0.00 0.00 0.00 0.00 0.00 0.358 0.251 0.251 9.761 20.018 -0.971 0.00
yellow_cone 0.00 0 0.00 0.00 0.00 0.00 0.00 0.358 0.251 0.251 21.452 6.945 -0.971 0.00
yellow_cone 0.00 0 0.00 0.00 0.00 0.00 0.00 0.358 0.251 0.251 21.112 12.928 -0.971 0.00
blue_cone 0.00 0 0.00 0.00 0.00 0.00 0.00 0.358 0.251 0.251 15.439 16.949 -0.971 0.00
yellow_cone 0.00 0 0.00 0.00 0.00 0.00 0.00 0.358 0.251 0.251 17.815 20.860 -0.971 0.00
yellow_cone 0.00 0 0.00 0.00 0.00 0.00 0.00 0.358 0.251 0.251 15.424 22.936 -0.971 0.00
yellow_cone 0.00 0 0.00 0.00 0.00 0.00 0.00 0.358 0.251 0.251 11.991 24.069 -0.971 0.00
yellow_cone 0.00 0 0.00 0.00 0.00 0.00 0.00 0.358 0.251 0.251 8.601 24.444 -0.971 0.00
yellow_cone 0.00 0 0.00 0.00 0.00 0.00 0.00 0.358 0.251 0.251 19.868 18.016 -0.971 0.00
yellow_cone 0.00 0 0.00 0.00 0.00 0.00 0.00 0.358 0.251 0.251 20.985 14.871 -0.971 0.00
yellow_cone 0.00 0 0.00 902.13 302.95 929.55 333.30 0.358 0.251 0.251 17.947 0.739 -0.971 0.00
yellow_cone 0.00 0 0.00 1133.37 312.61 1167.17 351.71 0.358 0.251 0.251 14.946 -1.220 -0.971 0.00
yellow_cone 0.00 0 0.00 1281.65 347.57 1328.71 402.85 0.358 0.251 0.251 10.277 -1.721 -0.971 0.00
yellow_cone 0.00 0 0.00 1522.13 448.99 1617.81 555.10 0.358 0.251 0.251 5.400 -1.721 -0.971 0.00
blue_cone 0.00 0 0.00 449.62 463.13 551.40 571.54 0.358 0.251 0.251 5.525 1.614 -0.971 0.00
blue_cone 0.00 0 0.00 661.82 363.18 710.14 420.74 0.358 0.251 0.251 9.902 1.906 -0.971 0.00
blue_cone 0.00 0 0.00 627.31 338.14 662.97 380.73 0.358 0.251 0.251 12.862 2.531 -0.971 0.00
yellow_cone 0.00 0 0.00 95.15 324.21 124.20 352.69 0.00 0.00 0.00 0.00 0.00 0.00 0.00
blue_cone 0.00 0 0.00 251.94 331.64 283.15 364.20 0.00 0.00 0.00 0.00 0.00 0.00 0.00
yellow_cone 0.00 0 0.00 389.50 308.68 414.23 335.93 0.00 0.00 0.00 0.00 0.00 0.00 0.00
blue_cone 0.00 0 0.00 491.62 328.16 519.92 362.19 0.00 0.00 0.00 0.00 0.00 0.00 0.00
yellow_cone 0.00 0 0.00 663.28 301.33 688.73 329.67 0.00 0.00 0.00 0.00 0.00 0.00 0.00