blue_cone 0.00 0 0.00 0.00 0.00 0.00 0.00 0.358 0.251 0.251 9.428 17.350 -0.971 0.00
blue_cone 0.00 0 0.00 0.00 0.00 0.00 0.00 0.358 0.251 0.251 3.050 10.695 -0.971 0.00
blue_cone 0.00 0 0.00 0.00 0.00 0.00 0.00 0.358 0.251 0.251 2.478 1.558 -0.971 0.00
yellow_cone 0.00 0 0.00 0.00 0.00 0.00 0.00 0.358 0.251 0.251 2.078 -1.836 -0.971 0.00
blue_cone 0.00 0 0.00 0.00 0.00 0.00 0.00 0.358 0.251 0.251 5.488 12.597 -0.971 0.00
blue_cone 0.00 0 0.00 0.00 0.00 0.00 0.00 0.358 0.251 0.251 7.259 14.725 -0.971 0.00
blue_cone 0.00 0 0.00 0.00 0.00 0.00 0.00 0.358 0.251 0.251 15.376 20.466 -0.971 0.00
blue_cone 0.00 0 0.00 0.00 0.00 0.00 0.00 0.358 0.251 0.251 12.207 19.543 -0.971 0.00
blue_cone 0.00 0 0.00 0.00 0.00 0.00 0.00 0.358 0.251 0.251 22.801 2.766 -0.971 0.00
blue_cone 0.00 0 0.00 0.00 0.00 0.00 0.00 0.358 0.251 0.251 25.307 4.508 -0.971 0.00
blue_cone 0.00 0 0.00 0.00 0.00 0.00 0.00 0.358 0.251 0.251 26.693 7.193 -0.971 0.00
blue_cone 0.00 0 0.00 0.00 0.00 0.00 0.00 0.358 0.251 0.251 26.816 10.028 -0.971 0.00
yellow_cone 0.00 0 0.00 0.00 0.00 0.00 0.00 0.358 0.251 0.251 24.821 -1.029 -0.971 0.00
yellow_cone 0.00 0 0.00 0.00 0.00 0.00 0.00 0.358 0.251 0.251 31.130 10.818 -0.971 0.00
yellow_cone 0.00 0 0.00 0.00 0.00 0.00 0.00 0.358 0.251 0.251 30.056 3.813 -0.971 0.00
yellow_cone 0.00 0 0.00 0.00 0.00 0.00 0.00 0.358 0.251 0.251 27.876 0.965 -0.971 0.00
blue_cone 0.00 0 0.00 0.00 0.00 0.00 0.00 0.358 0.251 0.251 26.469 13.663 -0.971 0.00
blue_cone 0.00 0 0.00 0.00 0.00 0.00 0.00 0.358 0.251 0.251 22.670 19.026 -0.971 0.00
blue_cone 0.00 0 0.00 0.00 0.00 0.00 0.00 0.358 0.251 0.251 19.307 20.231 -0.971 0.00
yellow_cone 0.00 0 0.00 0.00 0.00 0.00 0.00 0.358 0.251 0.251 31.038 7.195 -0.971 0.00
yellow_cone 0.00 0 0.00 0.00 0.00 0.00 0.00 0.358 0.251 0.251 30.680 13.177 -0.971 0.00
blue_cone 0.00 0 0.00 0.00 0.00 0.00 0.00 0.358 0.251 0.251 24.994 17.181 -0.971 0.00
yellow_cone 0.00 0 0.00 0.00 0.00 0.00 0.00 0.358 0.251 0.251 27.358 21.099 -0.971 0.00
yellow_cone 0.00 0 0.00 0.00 0.00 0.00 0.00 0.358 0.251 0.251 24.960 23.167 -0.971 0.00
yellow_cone 0.00 0 0.00 0.00 0.00 0.00 0.00 0.358 0.251 0.251 21.524 24.290 -0.971 0.00
yellow_cone 0.00 0 0.00 0.00 0.00 0.00 0.00 0.358 0.251 0.251 18.133 24.654 -0.971 0.00
yellow_cone 0.00 0 0.00 0.00 0.00 0.00 0.00 0.358 0.251 0.251 14.704 25.058 -0.971 0.00
yellow_cone 0.00 0 0.00 0.00 0.00 0.00 0.00 0.358 0.251 0.251 10.744 23.711 -0.971 0.00
yellow_cone 0.00 0 0.00 0.00 0.00 0.00 0.00 0.358 0.251 0.251 8.220 21.846 -0.971 0.00
yellow_cone 0.00 0 0.00 0.00 0.00 0.00 0.00 0.358 0.251 0.251 5.914 19.349 -0.971 0.00
yellow_cone 0.00 0 0.00 0.00 0.00 0.00 0.00 0.358 0.251 0.251 29.420 18.261 -0.971 0.00
yellow_cone 0.00 0 0.00 0.00 0.00 0.00 0.00 0.358 0.251 0.251 30.546 15.120 -0.971 0.00
blue_cone 0.00 0 0.00 470.85 450.78 553.72 547.89 0.358 0.251 0.251 5.692 1.781 -0.971 0.00
yellow_cone 0.00 0 0.00 1489.61 438.93 1589.18 541.01 0.358 0.251 0.251 5.608 -1.804 -0.971 0.00
blue_cone 0.00 0 0.00 673.43 357.12 719.45 413.12 0.358 0.251 0.251 10.027 1.739 -0.971 0.00
yellow_cone 0.00 0 0.00 1270.62 345.80 1322.82 402.03 0.358 0.251 0.251 10.069 -1.637 -0.971 0.00
yellow_cone 0.00 0 0.00 1174.36 305.50 1209.91 344.63 0.358 0.251 0.251 14.988 -1.679 -0.971 0.00
blue_cone 0.00 0 0.00 761.50 312.31 792.35 349.00 0.358 0.251 0.251 14.946 1.906 -0.971 0.00
blue_cone 0.00 0 0.00 801.08 291.80 822.46 320.21 0.358 0.251 0.251 19.323 2.073 -0.971 0.00
yellow_cone 0.00 0 0.00 1128.11 285.45 1153.52 316.00 0.358 0.251 0.251 19.615 -1.721 -0.971 0.00
yellow_cone 0.00 0 0.00 203.54 290.73 224.46 312.51 0.00 0.00 0.00 0.00 0.00 0.00 0.00
blue_cone 0.00 0 0.00 307.27 292.96 325.59 312.64 0.00 0.00 0.00 0.00 0.00 0.00 0.00
yellow_cone 0.00 0 0.00 920.32 269.90 938.95 291.99 0.00 0.00 0.00 0.00 0.00 0.00 0.00
blue_cone 0.00 0 0.00 661.85 280.63 680.74 302.58 0.00 0.00 0.00 0.00 0.00 0.00 0.00
yellow_cone 0.00 0 0.00 87.48 295.28 106.40 317.23 0.00 0.00 0.00 0.00 0.00 0.00 0.00
blue_cone 0.00 0 0.00 44.28 305.70 66.24 326.46 0.00 0.00 0.00 0.00 0.00 0.00 0.00
blue_cone 0.00 0 0.00 497.20 285.11 514.71 305.73 0.00 0.00 0.00 0.00 0.00 0.00 0.00
yellow_cone 0.00 0 0.00 559.85 273.27 577.77 294.82 0.00 0.00 0.00 0.00 0.00 0.00 0.00