blue_cone 0.00 0 0.00 0.00 0.00 0.00 0.00 0.358 0.251 0.251 21.232 18.155 -0.971 0.00
yellow_cone 0.00 0 0.00 0.00 0.00 0.00 0.00 0.358 0.251 0.251 16.076 17.851 -0.971 0.00
yellow_cone 0.00 0 0.00 0.00 0.00 0.00 0.00 0.358 0.251 0.251 14.199 15.922 -0.971 0.00
yellow_cone 0.00 0 0.00 0.00 0.00 0.00 0.00 0.358 0.251 0.251 12.159 15.057 -0.971 0.00
blue_cone 0.00 0 0.00 0.00 0.00 0.00 0.00 0.358 0.251 0.251 15.025 11.340 -0.971 0.00
yellow_cone 0.00 0 0.00 0.00 0.00 0.00 0.00 0.358 0.251 0.251 10.283 15.640 -0.971 0.00
yellow_cone 0.00 0 0.00 0.00 0.00 0.00 0.00 0.358 0.251 0.251 7.767 16.778 -0.971 0.00
blue_cone 0.00 0 0.00 0.00 0.00 0.00 0.00 0.358 0.251 0.251 12.264 10.321 -0.971 0.00
blue_cone 0.00 0 0.00 0.00 0.00 0.00 0.00 0.358 0.251 0.251 9.247 10.479 -0.971 0.00
blue_cone 0.00 0 0.00 0.00 0.00 0.00 0.00 0.358 0.251 0.251 7.178 11.798 -0.971 0.00
blue_cone 0.00 0 0.00 0.00 0.00 0.00 0.00 0.358 0.251 0.251 17.414 13.304 -0.971 0.00
blue_cone 0.00 0 0.00 0.00 0.00 0.00 0.00 0.358 0.251 0.251 19.130 15.476 -0.971 0.00
blue_cone 0.00 0 0.00 0.00 0.00 0.00 0.00 0.358 0.251 0.251 27.098 21.422 -0.971 0.00
yellow_cone 0.00 0 0.00 0.00 0.00 0.00 0.00 0.358 0.251 0.251 32.501 -0.473 -0.971 0.00
blue_cone 0.00 0 0.00 0.00 0.00 0.00 0.00 0.358 0.251 0.251 23.954 20.418 -0.971 0.00
blue_cone 0.00 0 0.00 0.00 0.00 0.00 0.00 0.358 0.251 0.251 32.055 3.020 -0.971 0.00
blue_cone 0.00 0 0.00 0.00 0.00 0.00 0.00 0.358 0.251 0.251 34.972 3.917 -0.971 0.00
blue_cone 0.00 0 0.00 0.00 0.00 0.00 0.00 0.358 0.251 0.251 37.432 5.722 -0.971 0.00
blue_cone 0.00 0 0.00 0.00 0.00 0.00 0.00 0.358 0.251 0.251 38.750 8.442 -0.971 0.00
blue_cone 0.00 0 0.00 0.00 0.00 0.00 0.00 0.358 0.251 0.251 34.426 20.169 -0.971 0.00
blue_cone 0.00 0 0.00 0.00 0.00 0.00 0.00 0.358 0.251 0.251 31.033 21.287 -0.971 0.00
yellow_cone 0.00 0 0.00 0.00 0.00 0.00 0.00 0.358 0.251 0.251 29.747 25.679 -0.971 0.00
yellow_cone 0.00 0 0.00 0.00 0.00 0.00 0.00 0.358 0.251 0.251 26.310 25.996 -0.971 0.00
yellow_cone 0.00 0 0.00 0.00 0.00 0.00 0.00 0.358 0.251 0.251 22.384 24.548 -0.971 0.00
yellow_cone 0.00 0 0.00 0.00 0.00 0.00 0.00 0.358 0.251 0.251 19.909 22.619 -0.971 0.00
yellow_cone 0.00 0 0.00 0.00 0.00 0.00 0.00 0.358 0.251 0.251 17.667 20.065 -0.971 0.00
blue_cone 0.00 0 0.00 0.00 0.00 0.00 0.00 0.358 0.251 0.251 1.329 1.529 -0.971 0.00
yellow_cone 0.00 0 0.00 0.00 0.00 0.00 0.00 0.358 0.251 0.251 1.512 -1.776 -0.971 0.00
yellow_cone 0.00 0 0.00 1386.35 437.02 1462.67 534.03 0.358 0.251 0.251 6.033 -1.411 -0.971 0.00
blue_cone 0.00 0 0.00 367.69 462.23 455.89 561.28 0.358 0.251 0.251 5.812 1.978 -0.971 0.00
yellow_cone 0.00 0 0.00 1228.95 364.23 1283.62 426.33 0.358 0.251 0.251 9.231 -1.307 -0.971 0.00
blue_cone 0.00 0 0.00 569.87 369.40 622.97 428.07 0.358 0.251 0.251 9.543 2.128 -0.971 0.00
blue_cone 0.00 0 0.00 711.42 315.84 743.86 353.53 0.358 0.251 0.251 14.686 2.192 -0.971 0.00
yellow_cone 0.00 0 0.00 1129.06 314.12 1165.16 354.10 0.358 0.251 0.251 14.373 -1.211 -0.971 0.00
yellow_cone 0.00 0 0.00 1083.40 291.67 1111.96 324.60 0.358 0.251 0.251 18.427 -1.080 -0.971 0.00
blue_cone 0.00 0 0.00 740.35 296.22 768.05 326.33 0.358 0.251 0.251 18.507 2.399 -0.971 0.00
blue_cone 0.00 0 0.00 777.27 281.86 799.25 307.03 0.358 0.251 0.251 22.634 2.554 -0.971 0.00
blue_cone 0.00 0 0.00 801.28 271.43 818.82 290.15 0.358 0.251 0.251 27.640 2.794 -0.971 0.00
yellow_cone 0.00 0 0.00 1031.59 264.81 1049.60 286.59 0.358 0.251 0.251 27.619 -0.634 -0.971 0.00
yellow_cone 0.00 0 0.00 1050.73 277.19 1074.19 303.78 0.358 0.251 0.251 22.864 -0.764 -0.971 0.00
yellow_cone 0.00 0 0.00 983.88 255.57 998.80 271.10 0.358 0.251 0.251 37.199 -0.042 -0.971 0.00
yellow_cone 0.00 0 0.00 133.90 273.25 151.20 291.08 0.00 0.00 0.00 0.00 0.00 0.00 0.00
yellow_cone 0.00 0 0.00 770.53 253.38 784.69 268.69 0.00 0.00 0.00 0.00 0.00 0.00 0.00
blue_cone 0.00 0 0.00 284.34 267.44 302.35 287.07 0.00 0.00 0.00 0.00 0.00 0.00 0.00
yellow_cone 0.00 0 0.00 625.93 255.69 641.14 270.60 0.00 0.00 0.00 0.00 0.00 0.00 0.00
yellow_cone 0.00 0 0.00 369.94 264.71 386.55 280.61 0.00 0.00 0.00 0.00 0.00 0.00 0.00
blue_cone 0.00 0 0.00 466.20 262.31 484.66 280.05 0.00 0.00 0.00 0.00 0.00 0.00 0.00