yellow_cone 0.00 0 0.00 0.00 0.00 0.00 0.00 0.358 0.251 0.251 8.569 27.222 -0.971 0.00
yellow_cone 0.00 0 0.00 0.00 0.00 0.00 0.00 0.358 0.251 0.251 8.736 24.026 -0.971 0.00
blue_cone 0.00 0 0.00 0.00 0.00 0.00 0.00 0.358 0.251 0.251 5.888 19.266 -0.971 0.00
blue_cone 0.00 0 0.00 0.00 0.00 0.00 0.00 0.358 0.251 0.251 6.090 15.508 -0.971 0.00
yellow_cone 0.00 0 0.00 0.00 0.00 0.00 0.00 0.358 0.251 0.251 9.189 19.513 -0.971 0.00
yellow_cone 0.00 0 0.00 0.00 0.00 0.00 0.00 0.358 0.251 0.251 9.330 15.660 -0.971 0.00
blue_cone 0.00 0 0.00 0.00 0.00 0.00 0.00 0.358 0.251 0.251 6.456 11.481 -0.971 0.00
blue_cone 0.00 0 0.00 0.00 0.00 0.00 0.00 0.358 0.251 0.251 5.871 5.207 -0.971 0.00
yellow_cone 0.00 0 0.00 0.00 0.00 0.00 0.00 0.358 0.251 0.251 2.347 -2.843 -0.971 0.00
blue_cone 0.00 0 0.00 0.00 0.00 0.00 0.00 0.358 0.251 0.251 6.609 8.183 -0.971 0.00
yellow_cone 0.00 0 0.00 0.00 0.00 0.00 0.00 0.358 0.251 0.251 10.035 8.018 -0.971 0.00
yellow_cone 0.00 0 0.00 0.00 0.00 0.00 0.00 0.358 0.251 0.251 4.707 -2.624 -0.971 0.00
yellow_cone 0.00 0 0.00 0.00 0.00 0.00 0.00 0.358 0.251 0.251 9.566 11.733 -0.971 0.00
blue_cone 0.00 0 0.00 17.19 806.30 236.70 1090.33 0.358 0.251 0.251 2.065 0.822 -0.971 0.00
blue_cone 0.00 0 0.00 0.01 530.87 36.24 653.50 0.358 0.251 0.251 4.500 2.602 -0.971 0.00
yellow_cone 0.00 0 0.00 898.53 370.70 1001.75 448.49 0.358 0.251 0.251 7.859 -0.095 -0.971 0.00
yellow_cone 0.00 0 0.00 85.35 379.38 158.38 438.93 0.358 0.251 0.251 9.735 4.699 -0.971 0.00
yellow_cone 0.00 0 0.00 1964.60 481.85 2048.00 621.33 0.00 0.00 0.00 0.00 0.00 0.00 0.00
yellow_cone 0.00 0 0.00 72.72 377.54 145.67 437.39 0.00 0.00 0.00 0.00 0.00 0.00 0.00