blue_cone 0.00 0 0.00 0.00 0.00 0.00 0.00 0.358 0.251 0.251 2.482 1.360 -0.971 0.00
blue_cone 0.00 0 0.00 0.00 0.00 0.00 0.00 0.358 0.251 0.251 8.376 12.659 -0.971 0.00
yellow_cone 0.00 0 0.00 0.00 0.00 0.00 0.00 0.358 0.251 0.251 2.685 -2.777 -0.971 0.00
blue_cone 0.00 0 0.00 0.00 0.00 0.00 0.00 0.358 0.251 0.251 10.733 8.285 -0.971 0.00
blue_cone 0.00 0 0.00 0.00 0.00 0.00 0.00 0.358 0.251 0.251 10.357 10.481 -0.971 0.00
blue_cone 0.00 0 0.00 0.00 0.00 0.00 0.00 0.358 0.251 0.251 5.832 14.369 -0.971 0.00
yellow_cone 0.00 0 0.00 0.00 0.00 0.00 0.00 0.358 0.251 0.251 7.157 17.532 -0.971 0.00
yellow_cone 0.00 0 0.00 0.00 0.00 0.00 0.00 0.358 0.251 0.251 15.339 8.890 -0.971 0.00
yellow_cone 0.00 0 0.00 0.00 0.00 0.00 0.00 0.358 0.251 0.251 13.065 13.761 -0.971 0.00
yellow_cone 0.00 0 0.00 0.00 0.00 0.00 0.00 0.358 0.251 0.251 9.196 16.710 -0.971 0.00
blue_cone 0.00 0 0.00 278.16 515.08 384.70 625.77 0.358 0.251 0.251 5.025 2.156 -0.971 0.00
yellow_cone 0.00 0 0.00 1229.71 425.68 1313.37 513.24 0.358 0.251 0.251 6.317 -1.179 -0.971 0.00
yellow_cone 0.00 0 0.00 850.16 365.08 900.96 421.39 0.358 0.251 0.251 10.152 0.781 -0.971 0.00
blue_cone 0.00 0 0.00 266.10 429.72 338.98 497.60 0.358 0.251 0.251 7.818 3.240 -0.971 0.00
blue_cone 0.00 0 0.00 0.29 412.25 42.21 466.36 0.358 0.251 0.251 9.860 5.741 -0.971 0.00
yellow_cone 0.00 0 0.00 588.29 352.79 630.68 398.17 0.358 0.251 0.251 12.945 2.865 -0.971 0.00
yellow_cone 0.00 0 0.00 252.73 361.47 294.81 403.21 0.358 0.251 0.251 14.321 5.991 -0.971 0.00
blue_cone 0.00 0 0.00 0.11 889.04 59.32 1090.44 0.00 0.00 0.00 0.00 0.00 0.00 0.00