yellow_cone 0.00 0 0.00 0.00 0.00 0.00 0.00 0.358 0.251 0.251 11.034 19.093 -0.971 0.00
blue_cone 0.00 0 0.00 0.00 0.00 0.00 0.00 0.358 0.251 0.251 9.619 16.084 -0.971 0.00
yellow_cone 0.00 0 0.00 0.00 0.00 0.00 0.00 0.358 0.251 0.251 14.034 -1.360 -0.971 0.00
blue_cone 0.00 0 0.00 0.00 0.00 0.00 0.00 0.358 0.251 0.251 13.299 14.210 -0.971 0.00
yellow_cone 0.00 0 0.00 0.00 0.00 0.00 0.00 0.358 0.251 0.251 15.678 -3.580 -0.971 0.00
yellow_cone 0.00 0 0.00 0.00 0.00 0.00 0.00 0.358 0.251 0.251 15.063 17.209 -0.971 0.00
blue_cone 0.00 0 0.00 0.00 0.00 0.00 0.00 0.358 0.251 0.251 16.738 12.530 -0.971 0.00
yellow_cone 0.00 0 0.00 0.00 0.00 0.00 0.00 0.358 0.251 0.251 18.668 15.349 -0.971 0.00
blue_cone 0.00 0 0.00 0.00 0.00 0.00 0.00 0.358 0.251 0.251 18.618 0.484 -0.971 0.00
blue_cone 0.00 0 0.00 0.00 0.00 0.00 0.00 0.358 0.251 0.251 21.261 10.081 -0.971 0.00
yellow_cone 0.00 0 0.00 0.00 0.00 0.00 0.00 0.358 0.251 0.251 23.206 12.929 -0.971 0.00
yellow_cone 0.00 0 0.00 0.00 0.00 0.00 0.00 0.358 0.251 0.251 26.050 11.463 -0.971 0.00
blue_cone 0.00 0 0.00 0.00 0.00 0.00 0.00 0.358 0.251 0.251 24.592 8.396 -0.971 0.00
blue_cone 0.00 0 0.00 0.00 0.00 0.00 0.00 0.358 0.251 0.251 5.130 18.312 -0.971 0.00
yellow_cone 0.00 0 0.00 0.00 0.00 0.00 0.00 0.358 0.251 0.251 6.818 21.296 -0.971 0.00
yellow_cone 0.00 0 0.00 0.00 0.00 0.00 0.00 0.358 0.251 0.251 2.229 -2.769 -0.971 0.00
yellow_cone 0.00 0 0.00 0.00 0.00 0.00 0.00 0.358 0.251 0.251 17.302 -6.515 -0.971 0.00
blue_cone 0.00 0 0.00 0.00 0.00 0.00 0.00 0.358 0.251 0.251 22.809 -5.751 -0.971 0.00
blue_cone 0.00 0 0.00 0.00 0.00 0.00 0.00 0.358 0.251 0.251 20.525 -3.471 -0.971 0.00
yellow_cone 0.00 0 0.00 0.00 0.00 0.00 0.00 0.358 0.251 0.251 20.161 -8.545 -0.971 0.00
blue_cone 0.00 0 0.00 0.00 0.00 0.00 0.00 0.358 0.251 0.251 25.901 -8.130 -0.971 0.00
blue_cone 0.00 0 0.00 0.00 0.00 0.00 0.00 0.358 0.251 0.251 29.263 -10.006 -0.971 0.00
blue_cone 0.00 0 0.00 0.00 0.00 0.00 0.00 0.358 0.251 0.251 28.727 6.605 -0.971 0.00
yellow_cone 0.00 0 0.00 0.00 0.00 0.00 0.00 0.358 0.251 0.251 23.729 -11.655 -0.971 0.00
blue_cone 0.00 0 0.00 0.00 0.00 0.00 0.00 0.358 0.251 0.251 33.044 -10.560 -0.971 0.00
blue_cone 0.00 0 0.00 0.00 0.00 0.00 0.00 0.358 0.251 0.251 32.074 4.885 -0.971 0.00
yellow_cone 0.00 0 0.00 0.00 0.00 0.00 0.00 0.358 0.251 0.251 30.177 9.580 -0.971 0.00
yellow_cone 0.00 0 0.00 0.00 0.00 0.00 0.00 0.358 0.251 0.251 33.576 7.760 -0.971 0.00
blue_cone 0.00 0 0.00 0.00 0.00 0.00 0.00 0.358 0.251 0.251 35.737 3.172 -0.971 0.00
yellow_cone 0.00 0 0.00 0.00 0.00 0.00 0.00 0.358 0.251 0.251 27.873 -13.694 -0.971 0.00
blue_cone 0.00 0 0.00 0.00 0.00 0.00 0.00 0.358 0.251 0.251 36.242 -10.629 -0.971 0.00
yellow_cone 0.00 0 0.00 0.00 0.00 0.00 0.00 0.358 0.251 0.251 32.504 -14.667 -0.971 0.00
yellow_cone 0.00 0 0.00 0.00 0.00 0.00 0.00 0.358 0.251 0.251 37.203 -13.749 -0.971 0.00
blue_cone 0.00 0 0.00 0.00 0.00 0.00 0.00 0.358 0.251 0.251 38.662 1.642 -0.971 0.00
yellow_cone 0.00 0 0.00 0.00 0.00 0.00 0.00 0.358 0.251 0.251 37.086 5.985 -0.971 0.00
blue_cone 0.00 0 0.00 19.36 670.57 160.01 864.24 0.358 0.251 0.251 2.940 1.656 -0.971 0.00
blue_cone 0.00 0 0.00 157.42 457.35 246.20 551.87 0.358 0.251 0.251 6.388 3.090 -0.971 0.00
blue_cone 0.00 0 0.00 198.28 395.89 265.18 460.73 0.358 0.251 0.251 8.818 3.907 -0.971 0.00
blue_cone 0.00 0 0.00 325.39 352.02 379.01 398.86 0.358 0.251 0.251 11.736 4.282 -0.971 0.00
blue_cone 0.00 0 0.00 513.94 331.07 557.55 361.38 0.358 0.251 0.251 14.696 3.657 -0.971 0.00
blue_cone 0.00 0 0.00 751.57 300.81 791.81 334.31 0.358 0.251 0.251 17.114 1.990 -0.971 0.00
yellow_cone 0.00 0 0.00 1613.15 472.14 1769.74 600.02 0.358 0.251 0.251 4.816 -1.887 -0.971 0.00
yellow_cone 0.00 0 0.00 1141.78 387.89 1238.88 468.39 0.358 0.251 0.251 7.651 -0.720 -0.971 0.00
yellow_cone 0.00 0 0.00 988.75 343.49 1058.79 402.69 0.358 0.251 0.251 10.110 -0.136 -0.971 0.00
yellow_cone 0.00 0 0.00 1040.52 322.47 1084.36 371.13 0.358 0.251 0.251 12.278 -0.428 -0.971 0.00
yellow_cone 0.00 0 0.00 1232.34 312.03 1272.45 355.90 0.00 0.00 0.00 0.00 0.00 0.00 0.00
yellow_cone 0.00 0 0.00 1204.12 309.22 1238.57 353.00 0.00 0.00 0.00 0.00 0.00 0.00 0.00