blue_cone 0.00 0 0.00 0.00 0.00 0.00 0.00 0.358 0.251 0.251 14.247 11.580 -0.971 0.00
blue_cone 0.00 0 0.00 0.00 0.00 0.00 0.00 0.358 0.251 0.251 0.787 1.947 -0.971 0.00
blue_cone 0.00 0 0.00 0.00 0.00 0.00 0.00 0.358 0.251 0.251 20.172 15.011 -0.971 0.00
blue_cone 0.00 0 0.00 0.00 0.00 0.00 0.00 0.358 0.251 0.251 31.292 12.818 -0.971 0.00
blue_cone 0.00 0 0.00 0.00 0.00 0.00 0.00 0.358 0.251 0.251 23.790 15.684 -0.971 0.00
blue_cone 0.00 0 0.00 0.00 0.00 0.00 0.00 0.358 0.251 0.251 8.568 10.254 -0.971 0.00
blue_cone 0.00 0 0.00 0.00 0.00 0.00 0.00 0.358 0.251 0.251 4.863 12.300 -0.971 0.00
blue_cone 0.00 0 0.00 0.00 0.00 0.00 0.00 0.358 0.251 0.251 34.689 13.439 -0.971 0.00
blue_cone 0.00 0 0.00 0.00 0.00 0.00 0.00 0.358 0.251 0.251 11.767 10.176 -0.971 0.00
blue_cone 0.00 0 0.00 0.00 0.00 0.00 0.00 0.358 0.251 0.251 23.508 3.150 -0.971 0.00
blue_cone 0.00 0 0.00 0.00 0.00 0.00 0.00 0.358 0.251 0.251 20.853 15.693 -0.971 0.00
blue_cone 0.00 0 0.00 0.00 0.00 0.00 0.00 0.358 0.251 0.251 27.205 14.472 -0.971 0.00
blue_cone 0.00 0 0.00 0.00 0.00 0.00 0.00 0.358 0.251 0.251 32.762 2.633 -0.971 0.00
blue_cone 0.00 0 0.00 0.00 0.00 0.00 0.00 0.358 0.251 0.251 17.392 13.629 -0.971 0.00
yellow_cone 0.00 0 0.00 0.00 0.00 0.00 0.00 0.358 0.251 0.251 16.529 17.300 -0.971 0.00
yellow_cone 0.00 0 0.00 0.00 0.00 0.00 0.00 0.358 0.251 0.251 23.549 19.562 -0.971 0.00
yellow_cone 0.00 0 0.00 0.00 0.00 0.00 0.00 0.358 0.251 0.251 1.287 -1.683 -0.971 0.00
yellow_cone 0.00 0 0.00 0.00 0.00 0.00 0.00 0.358 0.251 0.251 39.301 -3.857 -0.971 0.00
yellow_cone 0.00 0 0.00 0.00 0.00 0.00 0.00 0.358 0.251 0.251 13.133 14.961 -0.971 0.00
yellow_cone 0.00 0 0.00 0.00 0.00 0.00 0.00 0.358 0.251 0.251 31.627 16.828 -0.971 0.00
yellow_cone 0.00 0 0.00 0.00 0.00 0.00 0.00 0.358 0.251 0.251 27.721 18.072 -0.971 0.00
yellow_cone 0.00 0 0.00 0.00 0.00 0.00 0.00 0.358 0.251 0.251 23.837 -0.750 -0.971 0.00
yellow_cone 0.00 0 0.00 0.00 0.00 0.00 0.00 0.358 0.251 0.251 36.221 -2.534 -0.971 0.00
yellow_cone 0.00 0 0.00 0.00 0.00 0.00 0.00 0.358 0.251 0.251 10.979 13.627 -0.971 0.00
yellow_cone 0.00 0 0.00 0.00 0.00 0.00 0.00 0.358 0.251 0.251 34.814 17.861 -0.971 0.00
yellow_cone 0.00 0 0.00 0.00 0.00 0.00 0.00 0.358 0.251 0.251 8.744 14.250 -0.971 0.00
yellow_cone 0.00 0 0.00 0.00 0.00 0.00 0.00 0.358 0.251 0.251 28.766 -0.197 -0.971 0.00
yellow_cone 0.00 0 0.00 0.00 0.00 0.00 0.00 0.358 0.251 0.251 6.413 15.551 -0.971 0.00
yellow_cone 0.00 0 0.00 0.00 0.00 0.00 0.00 0.358 0.251 0.251 20.076 19.221 -0.971 0.00
blue_cone 0.00 0 0.00 833.60 277.38 847.33 294.36 0.358 0.251 0.251 36.517 0.920 -0.971 0.00
yellow_cone 0.00 0 0.00 995.86 282.47 1012.43 301.92 0.358 0.251 0.251 32.543 -0.950 -0.971 0.00
yellow_cone 0.00 0 0.00 1402.66 452.01 1476.40 548.31 0.358 0.251 0.251 5.958 -1.431 -0.971 0.00
yellow_cone 0.00 0 0.00 1191.10 353.65 1236.16 405.06 0.358 0.251 0.251 11.021 -1.274 -0.971 0.00
yellow_cone 0.00 0 0.00 1108.84 322.16 1141.64 359.04 0.358 0.251 0.251 15.196 -1.075 -0.971 0.00
yellow_cone 0.00 0 0.00 1059.99 301.35 1086.95 330.18 0.358 0.251 0.251 19.830 -0.912 -0.971 0.00
blue_cone 0.00 0 0.00 284.78 482.25 368.23 583.55 0.358 0.251 0.251 5.593 2.183 -0.971 0.00
blue_cone 0.00 0 0.00 553.98 369.62 600.96 422.51 0.358 0.251 0.251 10.391 2.422 -0.971 0.00
blue_cone 0.00 0 0.00 663.06 328.69 696.22 365.22 0.358 0.251 0.251 14.938 2.510 -0.971 0.00
blue_cone 0.00 0 0.00 715.18 306.28 739.36 333.11 0.358 0.251 0.251 19.829 2.856 -0.971 0.00
blue_cone 0.00 0 0.00 742.80 285.75 758.67 303.81 0.358 0.251 0.251 28.250 3.662 -0.971 0.00
blue_cone 0.00 0 0.00 28.79 306.00 49.06 328.76 0.00 0.00 0.00 0.00 0.00 0.00 0.00
yellow_cone 0.00 0 0.00 1208.85 267.63 1222.28 282.43 0.00 0.00 0.00 0.00 0.00 0.00 0.00
blue_cone 0.00 0 0.00 240.40 293.69 256.66 311.96 0.00 0.00 0.00 0.00 0.00 0.00 0.00
yellow_cone 0.00 0 0.00 60.50 293.28 79.65 313.25 0.00 0.00 0.00 0.00 0.00 0.00 0.00
blue_cone 0.00 0 0.00 260.79 288.12 275.25 304.80 0.00 0.00 0.00 0.00 0.00 0.00 0.00
blue_cone 0.00 0 0.00 414.36 273.35 428.97 288.22 0.00 0.00 0.00 0.00 0.00 0.00 0.00
yellow_cone 0.00 0 0.00 170.79 280.12 185.54 297.06 0.00 0.00 0.00 0.00 0.00 0.00 0.00
blue_cone 0.00 0 0.00 279.17 287.05 295.79 306.27 0.00 0.00 0.00 0.00 0.00 0.00 0.00
yellow_cone 0.00 0 0.00 1162.92 269.80 1175.72 285.67 0.00 0.00 0.00 0.00 0.00 0.00 0.00
yellow_cone 0.00 0 0.00 1111.29 272.94 1125.59 289.20 0.00 0.00 0.00 0.00 0.00 0.00 0.00
yellow_cone 0.00 0 0.00 74.88 285.44 91.70 304.87 0.00 0.00 0.00 0.00 0.00 0.00 0.00