blue_cone 0.00 0 0.00 0.00 0.00 0.00 0.00 0.358 0.251 0.251 1.744 1.494 -0.971 0.00
blue_cone 0.00 0 0.00 0.00 0.00 0.00 0.00 0.358 0.251 0.251 10.783 7.787 -0.971 0.00
blue_cone 0.00 0 0.00 0.00 0.00 0.00 0.00 0.358 0.251 0.251 8.501 4.771 -0.971 0.00
blue_cone 0.00 0 0.00 0.00 0.00 0.00 0.00 0.358 0.251 0.251 10.148 11.737 -0.971 0.00
blue_cone 0.00 0 0.00 0.00 0.00 0.00 0.00 0.358 0.251 0.251 5.528 17.668 -0.971 0.00
blue_cone 0.00 0 0.00 0.00 0.00 0.00 0.00 0.358 0.251 0.251 7.470 14.756 -0.971 0.00
yellow_cone 0.00 0 0.00 0.00 0.00 0.00 0.00 0.358 0.251 0.251 10.275 29.460 -0.971 0.00
yellow_cone 0.00 0 0.00 0.00 0.00 0.00 0.00 0.358 0.251 0.251 8.527 21.114 -0.971 0.00
yellow_cone 0.00 0 0.00 0.00 0.00 0.00 0.00 0.358 0.251 0.251 9.295 25.141 -0.971 0.00
yellow_cone 0.00 0 0.00 0.00 0.00 0.00 0.00 0.358 0.251 0.251 9.934 18.073 -0.971 0.00
yellow_cone 0.00 0 0.00 0.00 0.00 0.00 0.00 0.358 0.251 0.251 13.531 12.202 -0.971 0.00
yellow_cone 0.00 0 0.00 0.00 0.00 0.00 0.00 0.358 0.251 0.251 11.588 15.620 -0.971 0.00
yellow_cone 0.00 0 0.00 0.00 0.00 0.00 0.00 0.358 0.251 0.251 9.521 32.867 -0.971 0.00
blue_cone 0.00 0 0.00 65.27 503.23 155.58 599.98 0.358 0.251 0.251 5.451 2.784 -0.971 0.00
yellow_cone 0.00 0 0.00 1876.00 584.32 2024.43 741.72 0.358 0.251 0.251 3.266 -2.117 -0.971 0.00
yellow_cone 0.00 0 0.00 1031.92 407.04 1095.16 475.57 0.358 0.251 0.251 7.691 -0.544 -0.971 0.00
yellow_cone 0.00 0 0.00 516.78 369.20 562.74 418.15 0.358 0.251 0.251 11.555 2.574 -0.971 0.00
yellow_cone 0.00 0 0.00 59.42 367.38 98.22 409.90 0.358 0.251 0.251 14.230 7.096 -0.971 0.00