blue_cone 0.00 0 0.00 0.00 0.00 0.00 0.00 0.358 0.251 0.251 11.482 18.759 -0.971 0.00
blue_cone 0.00 0 0.00 0.00 0.00 0.00 0.00 0.358 0.251 0.251 14.641 16.681 -0.971 0.00
blue_cone 0.00 0 0.00 0.00 0.00 0.00 0.00 0.358 0.251 0.251 7.582 17.866 -0.971 0.00
blue_cone 0.00 0 0.00 0.00 0.00 0.00 0.00 0.358 0.251 0.251 4.745 14.996 -0.971 0.00
blue_cone 0.00 0 0.00 0.00 0.00 0.00 0.00 0.358 0.251 0.251 16.824 13.767 -0.971 0.00
blue_cone 0.00 0 0.00 0.00 0.00 0.00 0.00 0.358 0.251 0.251 17.398 1.802 -0.971 0.00
blue_cone 0.00 0 0.00 0.00 0.00 0.00 0.00 0.358 0.251 0.251 2.069 1.892 -0.971 0.00
yellow_cone 0.00 0 0.00 0.00 0.00 0.00 0.00 0.358 0.251 0.251 2.515 -1.670 -0.971 0.00
yellow_cone 0.00 0 0.00 0.00 0.00 0.00 0.00 0.358 0.251 0.251 6.896 21.211 -0.971 0.00
yellow_cone 0.00 0 0.00 0.00 0.00 0.00 0.00 0.358 0.251 0.251 12.137 22.318 -0.971 0.00
yellow_cone 0.00 0 0.00 0.00 0.00 0.00 0.00 0.358 0.251 0.251 16.632 19.873 -0.971 0.00
yellow_cone 0.00 0 0.00 0.00 0.00 0.00 0.00 0.358 0.251 0.251 19.998 16.221 -0.971 0.00
blue_cone 0.00 0 0.00 678.45 455.22 747.88 549.65 0.358 0.251 0.251 6.075 0.901 -0.971 0.00
yellow_cone 0.00 0 0.00 1641.97 437.29 1708.92 526.70 0.358 0.251 0.251 6.421 -2.549 -0.971 0.00
yellow_cone 0.00 0 0.00 1555.58 368.91 1606.53 428.98 0.358 0.251 0.251 9.693 -3.281 -0.971 0.00
blue_cone 0.00 0 0.00 937.75 359.33 977.59 404.89 0.358 0.251 0.251 11.067 0.128 -0.971 0.00
blue_cone 0.00 0 0.00 934.59 325.07 966.99 364.33 0.358 0.251 0.251 14.396 0.426 -0.971 0.00
yellow_cone 0.00 0 0.00 1498.32 331.28 1536.56 375.07 0.358 0.251 0.251 13.521 -3.868 -0.971 0.00
yellow_cone 0.00 0 0.00 1287.87 307.79 1319.25 341.45 0.358 0.251 0.251 17.672 -3.190 -0.971 0.00
blue_cone 0.00 0 0.00 788.85 312.44 815.48 344.71 0.358 0.251 0.251 18.857 4.511 -0.971 0.00
blue_cone 0.00 0 0.00 543.74 314.14 568.87 341.67 0.358 0.251 0.251 18.857 7.263 -0.971 0.00
blue_cone 0.00 0 0.00 279.01 321.15 304.71 350.22 0.358 0.251 0.251 18.232 10.306 -0.971 0.00
yellow_cone 0.00 0 0.00 1073.08 295.62 1099.74 323.67 0.358 0.251 0.251 21.066 -1.158 -0.971 0.00
yellow_cone 0.00 0 0.00 816.89 295.15 839.80 320.75 0.358 0.251 0.251 22.275 2.010 -0.971 0.00
yellow_cone 0.00 0 0.00 619.67 296.58 639.91 321.65 0.358 0.251 0.251 23.234 4.636 -0.971 0.00
yellow_cone 0.00 0 0.00 338.39 307.42 360.77 332.68 0.358 0.251 0.251 22.609 7.971 -0.971 0.00
yellow_cone 0.00 0 0.00 0.08 322.08 20.25 348.80 0.358 0.251 0.251 21.733 11.973 -0.971 0.00
yellow_cone 0.00 0 0.00 1954.78 719.37 2048.00 943.04 0.00 0.00 0.00 0.00 0.00 0.00 0.00