blue_cone 0.00 0 0.00 0.00 0.00 0.00 0.00 0.358 0.251 0.251 10.719 11.119 -0.971 0.00
blue_cone 0.00 0 0.00 0.00 0.00 0.00 0.00 0.358 0.251 0.251 24.782 15.037 -0.971 0.00
blue_cone 0.00 0 0.00 0.00 0.00 0.00 0.00 0.358 0.251 0.251 20.781 15.091 -0.971 0.00
blue_cone 0.00 0 0.00 0.00 0.00 0.00 0.00 0.358 0.251 0.251 14.144 11.560 -0.971 0.00
blue_cone 0.00 0 0.00 0.00 0.00 0.00 0.00 0.358 0.251 0.251 17.346 12.972 -0.971 0.00
blue_cone 0.00 0 0.00 0.00 0.00 0.00 0.00 0.358 0.251 0.251 23.320 -3.721 -0.971 0.00
blue_cone 0.00 0 0.00 0.00 0.00 0.00 0.00 0.358 0.251 0.251 2.435 1.877 -0.971 0.00
blue_cone 0.00 0 0.00 0.00 0.00 0.00 0.00 0.358 0.251 0.251 6.725 12.987 -0.971 0.00
yellow_cone 0.00 0 0.00 0.00 0.00 0.00 0.00 0.358 0.251 0.251 11.265 15.106 -0.971 0.00
yellow_cone 0.00 0 0.00 0.00 0.00 0.00 0.00 0.358 0.251 0.251 7.430 16.555 -0.971 0.00
yellow_cone 0.00 0 0.00 0.00 0.00 0.00 0.00 0.358 0.251 0.251 2.557 -2.036 -0.971 0.00
yellow_cone 0.00 0 0.00 0.00 0.00 0.00 0.00 0.358 0.251 0.251 33.196 5.806 -0.971 0.00
yellow_cone 0.00 0 0.00 0.00 0.00 0.00 0.00 0.358 0.251 0.251 14.503 15.969 -0.971 0.00
yellow_cone 0.00 0 0.00 0.00 0.00 0.00 0.00 0.358 0.251 0.251 20.905 18.503 -0.971 0.00
yellow_cone 0.00 0 0.00 0.00 0.00 0.00 0.00 0.358 0.251 0.251 17.203 17.177 -0.971 0.00
yellow_cone 0.00 0 0.00 0.00 0.00 0.00 0.00 0.358 0.251 0.251 26.259 18.340 -0.971 0.00
blue_cone 0.00 0 0.00 437.18 435.05 511.68 514.87 0.358 0.251 0.251 7.197 2.137 -0.971 0.00
yellow_cone 0.00 0 0.00 1379.97 419.23 1449.63 491.02 0.358 0.251 0.251 7.508 -1.744 -0.971 0.00
blue_cone 0.00 0 0.00 837.69 360.46 876.85 407.78 0.358 0.251 0.251 11.649 0.871 -0.971 0.00
yellow_cone 0.00 0 0.00 1401.46 360.51 1448.17 412.46 0.358 0.251 0.251 11.241 -2.695 -0.971 0.00
blue_cone 0.00 0 0.00 1097.24 331.68 1129.21 367.23 0.358 0.251 0.251 15.308 -1.038 -0.971 0.00
yellow_cone 0.00 0 0.00 1516.00 334.69 1548.66 373.46 0.358 0.251 0.251 14.829 -4.472 -0.971 0.00
blue_cone 0.00 0 0.00 1246.18 314.20 1266.89 338.73 0.358 0.251 0.251 19.976 -2.968 -0.971 0.00
yellow_cone 0.00 0 0.00 1574.28 320.56 1601.76 352.41 0.358 0.251 0.251 17.835 -5.956 -0.971 0.00
yellow_cone 0.00 0 0.00 1615.54 309.27 1640.23 336.48 0.358 0.251 0.251 21.344 -7.616 -0.971 0.00
yellow_cone 0.00 0 0.00 1521.73 298.31 1541.82 321.65 0.358 0.251 0.251 25.610 -7.753 -0.971 0.00
yellow_cone 0.00 0 0.00 1391.71 291.73 1409.28 310.95 0.358 0.251 0.251 29.387 -6.738 -0.971 0.00
blue_cone 0.00 0 0.00 1184.93 295.12 1201.13 314.77 0.358 0.251 0.251 26.586 -3.019 -0.971 0.00
yellow_cone 0.00 0 0.00 1212.92 286.32 1228.92 304.16 0.358 0.251 0.251 31.302 -4.038 -0.971 0.00
yellow_cone 0.00 0 0.00 1074.56 284.56 1090.26 302.48 0.358 0.251 0.251 32.832 -1.746 -0.971 0.00
blue_cone 0.00 0 0.00 1025.46 292.81 1042.11 311.39 0.358 0.251 0.251 28.558 -0.773 -0.971 0.00
yellow_cone 0.00 0 0.00 880.57 286.28 895.79 302.26 0.358 0.251 0.251 33.239 1.677 -0.971 0.00
blue_cone 0.00 0 0.00 851.91 292.97 869.02 311.65 0.358 0.251 0.251 29.294 1.969 -0.971 0.00
blue_cone 0.00 0 0.00 660.92 295.20 679.50 314.75 0.358 0.251 0.251 29.426 5.050 -0.971 0.00
blue_cone 0.00 0 0.00 412.42 307.18 431.19 325.09 0.358 0.251 0.251 28.793 8.924 -0.971 0.00
yellow_cone 0.00 0 0.00 385.03 303.61 402.95 322.13 0.358 0.251 0.251 32.280 10.681 -0.971 0.00
yellow_cone 0.00 0 0.00 87.87 317.34 105.72 338.39 0.358 0.251 0.251 29.987 15.058 -0.971 0.00
blue_cone 0.00 0 0.00 169.77 319.80 190.27 340.84 0.358 0.251 0.251 27.360 12.271 -0.971 0.00