blue_cone 0.00 0 0.00 0.00 0.00 0.00 0.00 0.358 0.251 0.251 11.189 7.995 -0.971 0.00
blue_cone 0.00 0 0.00 0.00 0.00 0.00 0.00 0.358 0.251 0.251 28.608 6.468 -0.971 0.00
blue_cone 0.00 0 0.00 0.00 0.00 0.00 0.00 0.358 0.251 0.251 34.611 0.720 -0.971 0.00
blue_cone 0.00 0 0.00 0.00 0.00 0.00 0.00 0.358 0.251 0.251 35.586 4.874 -0.971 0.00
blue_cone 0.00 0 0.00 0.00 0.00 0.00 0.00 0.358 0.251 0.251 15.529 7.482 -0.971 0.00
blue_cone 0.00 0 0.00 0.00 0.00 0.00 0.00 0.358 0.251 0.251 36.022 2.643 -0.971 0.00
blue_cone 0.00 0 0.00 0.00 0.00 0.00 0.00 0.358 0.251 0.251 6.402 8.481 -0.971 0.00
yellow_cone 0.00 0 0.00 0.00 0.00 0.00 0.00 0.358 0.251 0.251 6.412 -7.039 -0.971 0.00
yellow_cone 0.00 0 0.00 0.00 0.00 0.00 0.00 0.358 0.251 0.251 11.238 11.659 -0.971 0.00
yellow_cone 0.00 0 0.00 0.00 0.00 0.00 0.00 0.358 0.251 0.251 33.928 9.381 -0.971 0.00
yellow_cone 0.00 0 0.00 0.00 0.00 0.00 0.00 0.358 0.251 0.251 6.582 12.108 -0.971 0.00
yellow_cone 0.00 0 0.00 0.00 0.00 0.00 0.00 0.358 0.251 0.251 34.011 -3.742 -0.971 0.00
yellow_cone 0.00 0 0.00 0.00 0.00 0.00 0.00 0.358 0.251 0.251 8.554 -8.045 -0.971 0.00
yellow_cone 0.00 0 0.00 0.00 0.00 0.00 0.00 0.358 0.251 0.251 37.737 7.998 -0.971 0.00
yellow_cone 0.00 0 0.00 0.00 0.00 0.00 0.00 0.358 0.251 0.251 15.857 11.162 -0.971 0.00
yellow_cone 0.00 0 0.00 0.00 0.00 0.00 0.00 0.358 0.251 0.251 39.265 0.395 -0.971 0.00
yellow_cone 0.00 0 0.00 0.00 0.00 0.00 0.00 0.358 0.251 0.251 30.863 -5.693 -0.971 0.00
yellow_cone 0.00 0 0.00 0.00 0.00 0.00 0.00 0.358 0.251 0.251 1.480 -2.979 -0.971 0.00
yellow_cone 0.00 0 0.00 0.00 0.00 0.00 0.00 0.358 0.251 0.251 3.590 -4.613 -0.971 0.00
yellow_cone 0.00 0 0.00 0.00 0.00 0.00 0.00 0.358 0.251 0.251 11.877 -8.519 -0.971 0.00
yellow_cone 0.00 0 0.00 0.00 0.00 0.00 0.00 0.358 0.251 0.251 36.551 -1.890 -0.971 0.00
yellow_cone 0.00 0 0.00 0.00 0.00 0.00 0.00 0.358 0.251 0.251 27.449 -8.061 -0.971 0.00
blue_cone 0.00 0 0.00 274.36 800.43 492.27 1054.99 0.358 0.251 0.251 2.391 0.968 -0.971 0.00
blue_cone 0.00 0 0.00 1499.69 472.66 1585.67 571.37 0.358 0.251 0.251 5.609 -1.631 -0.971 0.00
blue_cone 0.00 0 0.00 1813.95 394.16 1870.01 456.53 0.358 0.251 0.251 8.895 -4.192 -0.971 0.00
blue_cone 0.00 0 0.00 1764.26 355.51 1802.25 398.46 0.358 0.251 0.251 12.296 -5.323 -0.971 0.00
blue_cone 0.00 0 0.00 1645.53 329.07 1676.98 363.02 0.358 0.251 0.251 16.054 -5.798 -0.971 0.00
yellow_cone 0.00 0 0.00 1804.61 312.88 1831.66 341.34 0.358 0.251 0.251 15.548 -8.550 -0.971 0.00
blue_cone 0.00 0 0.00 1520.38 312.04 1546.56 337.08 0.358 0.251 0.251 19.964 -5.731 -0.971 0.00
yellow_cone 0.00 0 0.00 1664.89 300.02 1687.15 322.75 0.358 0.251 0.251 19.779 -8.945 -0.971 0.00
yellow_cone 0.00 0 0.00 1533.32 289.29 1553.31 309.16 0.358 0.251 0.251 23.789 -8.758 -0.971 0.00
blue_cone 0.00 0 0.00 142.35 349.80 175.53 385.23 0.358 0.251 0.251 19.834 7.136 -0.971 0.00
yellow_cone 0.00 0 0.00 33.09 332.37 65.07 362.54 0.358 0.251 0.251 19.985 10.860 -0.971 0.00
yellow_cone 0.00 0 0.00 240.05 311.44 265.78 336.84 0.358 0.251 0.251 24.550 10.391 -0.971 0.00
blue_cone 0.00 0 0.00 351.54 324.55 377.98 353.30 0.358 0.251 0.251 24.522 6.790 -0.971 0.00
yellow_cone 0.00 0 0.00 378.51 301.24 398.17 321.47 0.358 0.251 0.251 28.954 10.009 -0.971 0.00
blue_cone 0.00 0 0.00 591.15 296.18 609.27 315.09 0.358 0.251 0.251 32.738 5.929 -0.971 0.00
blue_cone 0.00 0 0.00 1408.21 297.39 1428.97 320.22 0.358 0.251 0.251 23.751 -5.292 -0.971 0.00
blue_cone 0.00 0 0.00 1276.39 289.78 1294.47 311.07 0.358 0.251 0.251 26.970 -4.014 -0.971 0.00
blue_cone 0.00 0 0.00 1141.72 284.89 1157.33 302.64 0.358 0.251 0.251 29.761 -2.221 -0.971 0.00
blue_cone 0.00 0 0.00 1037.48 283.76 1053.83 300.85 0.358 0.251 0.251 32.416 -0.612 -0.971 0.00
yellow_cone 0.00 0 0.00 1964.11 333.69 2000.24 370.86 0.00 0.00 0.00 0.00 0.00 0.00 0.00
blue_cone 0.00 0 0.00 667.44 286.85 683.37 304.60 0.00 0.00 0.00 0.00 0.00 0.00 0.00
yellow_cone 0.00 0 0.00 1340.17 283.32 1357.09 301.02 0.00 0.00 0.00 0.00 0.00 0.00 0.00
blue_cone 0.00 0 0.00 751.49 281.99 766.61 298.88 0.00 0.00 0.00 0.00 0.00 0.00 0.00
yellow_cone 0.00 0 0.00 1098.83 277.01 1112.88 292.16 0.00 0.00 0.00 0.00 0.00 0.00 0.00
yellow_cone 0.00 0 0.00 613.99 284.22 629.18 299.03 0.00 0.00 0.00 0.00 0.00 0.00 0.00