blue_cone 0.00 0 0.00 0.00 0.00 0.00 0.00 0.358 0.251 0.251 14.245 11.582 -0.971 0.00
blue_cone 0.00 0 0.00 0.00 0.00 0.00 0.00 0.358 0.251 0.251 0.786 1.948 -0.971 0.00
blue_cone 0.00 0 0.00 0.00 0.00 0.00 0.00 0.358 0.251 0.251 20.170 15.014 -0.971 0.00
blue_cone 0.00 0 0.00 0.00 0.00 0.00 0.00 0.358 0.251 0.251 31.290 12.822 -0.971 0.00
blue_cone 0.00 0 0.00 0.00 0.00 0.00 0.00 0.358 0.251 0.251 23.787 15.688 -0.971 0.00
blue_cone 0.00 0 0.00 0.00 0.00 0.00 0.00 0.358 0.251 0.251 8.566 10.256 -0.971 0.00
blue_cone 0.00 0 0.00 0.00 0.00 0.00 0.00 0.358 0.251 0.251 4.861 12.301 -0.971 0.00
blue_cone 0.00 0 0.00 0.00 0.00 0.00 0.00 0.358 0.251 0.251 34.687 13.443 -0.971 0.00
blue_cone 0.00 0 0.00 0.00 0.00 0.00 0.00 0.358 0.251 0.251 36.516 0.925 -0.971 0.00
blue_cone 0.00 0 0.00 0.00 0.00 0.00 0.00 0.358 0.251 0.251 11.765 10.178 -0.971 0.00
blue_cone 0.00 0 0.00 0.00 0.00 0.00 0.00 0.358 0.251 0.251 23.507 3.154 -0.971 0.00
blue_cone 0.00 0 0.00 0.00 0.00 0.00 0.00 0.358 0.251 0.251 20.851 15.696 -0.971 0.00
blue_cone 0.00 0 0.00 0.00 0.00 0.00 0.00 0.358 0.251 0.251 27.203 14.475 -0.971 0.00
blue_cone 0.00 0 0.00 0.00 0.00 0.00 0.00 0.358 0.251 0.251 17.390 13.632 -0.971 0.00
yellow_cone 0.00 0 0.00 0.00 0.00 0.00 0.00 0.358 0.251 0.251 32.543 -0.945 -0.971 0.00
yellow_cone 0.00 0 0.00 0.00 0.00 0.00 0.00 0.358 0.251 0.251 16.527 17.302 -0.971 0.00
yellow_cone 0.00 0 0.00 0.00 0.00 0.00 0.00 0.358 0.251 0.251 23.546 19.565 -0.971 0.00
yellow_cone 0.00 0 0.00 0.00 0.00 0.00 0.00 0.358 0.251 0.251 1.286 -1.683 -0.971 0.00
yellow_cone 0.00 0 0.00 0.00 0.00 0.00 0.00 0.358 0.251 0.251 39.301 -3.852 -0.971 0.00
yellow_cone 0.00 0 0.00 0.00 0.00 0.00 0.00 0.358 0.251 0.251 13.130 14.963 -0.971 0.00
yellow_cone 0.00 0 0.00 0.00 0.00 0.00 0.00 0.358 0.251 0.251 31.624 16.832 -0.971 0.00
yellow_cone 0.00 0 0.00 0.00 0.00 0.00 0.00 0.358 0.251 0.251 27.718 18.076 -0.971 0.00
yellow_cone 0.00 0 0.00 0.00 0.00 0.00 0.00 0.358 0.251 0.251 23.836 -0.747 -0.971 0.00
yellow_cone 0.00 0 0.00 0.00 0.00 0.00 0.00 0.358 0.251 0.251 36.220 -2.530 -0.971 0.00
yellow_cone 0.00 0 0.00 0.00 0.00 0.00 0.00 0.358 0.251 0.251 10.977 13.629 -0.971 0.00
yellow_cone 0.00 0 0.00 0.00 0.00 0.00 0.00 0.358 0.251 0.251 34.811 17.865 -0.971 0.00
yellow_cone 0.00 0 0.00 0.00 0.00 0.00 0.00 0.358 0.251 0.251 8.741 14.252 -0.971 0.00
yellow_cone 0.00 0 0.00 0.00 0.00 0.00 0.00 0.358 0.251 0.251 6.411 15.552 -0.971 0.00
yellow_cone 0.00 0 0.00 0.00 0.00 0.00 0.00 0.358 0.251 0.251 20.073 19.224 -0.971 0.00
blue_cone 0.00 0 0.00 284.56 482.34 368.89 583.53 0.358 0.251 0.251 5.592 2.184 -0.971 0.00
yellow_cone 0.00 0 0.00 1402.64 452.07 1476.23 548.33 0.358 0.251 0.251 5.957 -1.429 -0.971 0.00
yellow_cone 0.00 0 0.00 1191.29 353.72 1236.32 405.12 0.358 0.251 0.251 11.020 -1.272 -0.971 0.00
blue_cone 0.00 0 0.00 554.21 369.65 600.93 422.49 0.358 0.251 0.251 10.390 2.424 -0.971 0.00
blue_cone 0.00 0 0.00 662.72 328.60 696.37 365.30 0.358 0.251 0.251 14.944 2.613 -0.971 0.00
yellow_cone 0.00 0 0.00 1109.02 322.19 1141.61 359.01 0.358 0.251 0.251 15.195 -1.073 -0.971 0.00
yellow_cone 0.00 0 0.00 1059.99 301.31 1086.87 330.22 0.358 0.251 0.251 19.829 -0.909 -0.971 0.00
blue_cone 0.00 0 0.00 715.21 306.22 739.48 332.97 0.358 0.251 0.251 19.827 2.858 -0.971 0.00
blue_cone 0.00 0 0.00 742.79 285.78 758.58 303.63 0.358 0.251 0.251 28.248 3.666 -0.971 0.00
blue_cone 0.00 0 0.00 833.77 277.28 847.38 294.14 0.358 0.251 0.251 32.761 2.637 -0.971 0.00
yellow_cone 0.00 0 0.00 995.82 282.36 1012.40 301.97 0.358 0.251 0.251 28.765 -0.193 -0.971 0.00
blue_cone 0.00 0 0.00 28.93 305.86 49.33 328.65 0.00 0.00 0.00 0.00 0.00 0.00 0.00
yellow_cone 0.00 0 0.00 1208.83 267.58 1222.27 282.45 0.00 0.00 0.00 0.00 0.00 0.00 0.00
blue_cone 0.00 0 0.00 240.37 293.63 256.76 312.03 0.00 0.00 0.00 0.00 0.00 0.00 0.00
yellow_cone 0.00 0 0.00 60.53 293.15 79.71 313.13 0.00 0.00 0.00 0.00 0.00 0.00 0.00
blue_cone 0.00 0 0.00 260.74 288.17 275.28 304.90 0.00 0.00 0.00 0.00 0.00 0.00 0.00
blue_cone 0.00 0 0.00 414.47 273.41 428.89 288.24 0.00 0.00 0.00 0.00 0.00 0.00 0.00
yellow_cone 0.00 0 0.00 170.73 279.96 185.53 296.98 0.00 0.00 0.00 0.00 0.00 0.00 0.00
blue_cone 0.00 0 0.00 279.29 287.27 295.75 306.39 0.00 0.00 0.00 0.00 0.00 0.00 0.00
yellow_cone 0.00 0 0.00 1163.00 269.68 1175.66 285.45 0.00 0.00 0.00 0.00 0.00 0.00 0.00
yellow_cone 0.00 0 0.00 1111.31 272.88 1125.60 289.17 0.00 0.00 0.00 0.00 0.00 0.00 0.00
yellow_cone 0.00 0 0.00 74.79 285.47 91.61 305.02 0.00 0.00 0.00 0.00 0.00 0.00 0.00