blue_cone 0.00 0 0.00 0.00 0.00 0.00 0.00 0.358 0.251 0.251 14.243 11.585 -0.971 0.00
blue_cone 0.00 0 0.00 0.00 0.00 0.00 0.00 0.358 0.251 0.251 0.786 1.948 -0.971 0.00
blue_cone 0.00 0 0.00 0.00 0.00 0.00 0.00 0.358 0.251 0.251 20.167 15.018 -0.971 0.00
blue_cone 0.00 0 0.00 0.00 0.00 0.00 0.00 0.358 0.251 0.251 31.288 12.830 -0.971 0.00
blue_cone 0.00 0 0.00 0.00 0.00 0.00 0.00 0.358 0.251 0.251 23.784 15.693 -0.971 0.00
blue_cone 0.00 0 0.00 0.00 0.00 0.00 0.00 0.358 0.251 0.251 8.564 10.258 -0.971 0.00
blue_cone 0.00 0 0.00 0.00 0.00 0.00 0.00 0.358 0.251 0.251 4.858 12.302 -0.971 0.00
blue_cone 0.00 0 0.00 0.00 0.00 0.00 0.00 0.358 0.251 0.251 34.684 13.452 -0.971 0.00
blue_cone 0.00 0 0.00 0.00 0.00 0.00 0.00 0.358 0.251 0.251 28.248 3.673 -0.971 0.00
blue_cone 0.00 0 0.00 0.00 0.00 0.00 0.00 0.358 0.251 0.251 36.516 0.934 -0.971 0.00
blue_cone 0.00 0 0.00 0.00 0.00 0.00 0.00 0.358 0.251 0.251 11.763 10.181 -0.971 0.00
blue_cone 0.00 0 0.00 0.00 0.00 0.00 0.00 0.358 0.251 0.251 20.847 15.701 -0.971 0.00
blue_cone 0.00 0 0.00 0.00 0.00 0.00 0.00 0.358 0.251 0.251 27.200 14.482 -0.971 0.00
blue_cone 0.00 0 0.00 0.00 0.00 0.00 0.00 0.358 0.251 0.251 17.387 13.636 -0.971 0.00
yellow_cone 0.00 0 0.00 0.00 0.00 0.00 0.00 0.358 0.251 0.251 16.523 17.306 -0.971 0.00
yellow_cone 0.00 0 0.00 0.00 0.00 0.00 0.00 0.358 0.251 0.251 23.542 19.571 -0.971 0.00
yellow_cone 0.00 0 0.00 0.00 0.00 0.00 0.00 0.358 0.251 0.251 1.287 -1.683 -0.971 0.00
yellow_cone 0.00 0 0.00 0.00 0.00 0.00 0.00 0.358 0.251 0.251 39.302 -3.843 -0.971 0.00
yellow_cone 0.00 0 0.00 0.00 0.00 0.00 0.00 0.358 0.251 0.251 13.127 14.966 -0.971 0.00
yellow_cone 0.00 0 0.00 0.00 0.00 0.00 0.00 0.358 0.251 0.251 31.620 16.839 -0.971 0.00
yellow_cone 0.00 0 0.00 0.00 0.00 0.00 0.00 0.358 0.251 0.251 27.714 18.082 -0.971 0.00
yellow_cone 0.00 0 0.00 0.00 0.00 0.00 0.00 0.358 0.251 0.251 23.837 -0.742 -0.971 0.00
yellow_cone 0.00 0 0.00 0.00 0.00 0.00 0.00 0.358 0.251 0.251 36.221 -2.521 -0.971 0.00
yellow_cone 0.00 0 0.00 0.00 0.00 0.00 0.00 0.358 0.251 0.251 10.974 13.631 -0.971 0.00
yellow_cone 0.00 0 0.00 0.00 0.00 0.00 0.00 0.358 0.251 0.251 34.808 17.874 -0.971 0.00
yellow_cone 0.00 0 0.00 0.00 0.00 0.00 0.00 0.358 0.251 0.251 8.738 14.254 -0.971 0.00
yellow_cone 0.00 0 0.00 0.00 0.00 0.00 0.00 0.358 0.251 0.251 28.766 -0.186 -0.971 0.00
yellow_cone 0.00 0 0.00 0.00 0.00 0.00 0.00 0.358 0.251 0.251 6.407 15.554 -0.971 0.00
yellow_cone 0.00 0 0.00 0.00 0.00 0.00 0.00 0.358 0.251 0.251 20.069 19.228 -0.971 0.00
blue_cone 0.00 0 0.00 284.71 482.23 368.60 583.63 0.358 0.251 0.251 5.592 2.185 -0.971 0.00
blue_cone 0.00 0 0.00 554.24 369.68 601.05 422.51 0.358 0.251 0.251 10.390 2.426 -0.971 0.00
blue_cone 0.00 0 0.00 663.22 328.74 696.15 365.26 0.358 0.251 0.251 14.944 2.617 -0.971 0.00
blue_cone 0.00 0 0.00 715.22 306.32 739.34 333.16 0.358 0.251 0.251 19.827 2.863 -0.971 0.00
blue_cone 0.00 0 0.00 742.84 285.46 758.57 303.55 0.358 0.251 0.251 23.506 3.159 -0.971 0.00
blue_cone 0.00 0 0.00 833.89 277.43 847.34 294.14 0.358 0.251 0.251 32.761 2.645 -0.971 0.00
yellow_cone 0.00 0 0.00 1402.88 452.22 1476.35 548.38 0.358 0.251 0.251 5.958 -1.428 -0.971 0.00
yellow_cone 0.00 0 0.00 1191.58 353.72 1236.21 404.97 0.358 0.251 0.251 11.021 -1.270 -0.971 0.00
yellow_cone 0.00 0 0.00 1060.06 301.19 1086.84 329.98 0.358 0.251 0.251 15.196 -1.069 -0.971 0.00
yellow_cone 0.00 0 0.00 1109.02 322.22 1141.48 358.94 0.358 0.251 0.251 19.830 -0.904 -0.971 0.00
yellow_cone 0.00 0 0.00 995.91 282.39 1012.36 301.93 0.358 0.251 0.251 32.543 -0.938 -0.971 0.00
blue_cone 0.00 0 0.00 28.90 305.99 49.11 328.73 0.00 0.00 0.00 0.00 0.00 0.00 0.00
yellow_cone 0.00 0 0.00 1208.94 267.46 1222.18 282.36 0.00 0.00 0.00 0.00 0.00 0.00 0.00
blue_cone 0.00 0 0.00 240.46 293.63 256.63 311.96 0.00 0.00 0.00 0.00 0.00 0.00 0.00
yellow_cone 0.00 0 0.00 60.54 293.32 79.60 313.25 0.00 0.00 0.00 0.00 0.00 0.00 0.00
blue_cone 0.00 0 0.00 261.04 288.13 275.41 304.80 0.00 0.00 0.00 0.00 0.00 0.00 0.00
yellow_cone 0.00 0 0.00 170.77 280.12 185.56 297.03 0.00 0.00 0.00 0.00 0.00 0.00 0.00
blue_cone 0.00 0 0.00 279.38 287.13 295.83 306.26 0.00 0.00 0.00 0.00 0.00 0.00 0.00
blue_cone 0.00 0 0.00 414.47 273.36 428.78 288.08 0.00 0.00 0.00 0.00 0.00 0.00 0.00
yellow_cone 0.00 0 0.00 1162.95 269.63 1175.62 285.58 0.00 0.00 0.00 0.00 0.00 0.00 0.00
yellow_cone 0.00 0 0.00 1111.34 272.86 1125.43 289.08 0.00 0.00 0.00 0.00 0.00 0.00 0.00
yellow_cone 0.00 0 0.00 74.94 285.67 91.67 304.98 0.00 0.00 0.00 0.00 0.00 0.00 0.00