blue_cone 0.00 0 0.00 0.00 0.00 0.00 0.00 0.358 0.251 0.251 14.245 11.578 -0.971 0.00
blue_cone 0.00 0 0.00 0.00 0.00 0.00 0.00 0.358 0.251 0.251 0.787 1.943 -0.971 0.00
blue_cone 0.00 0 0.00 0.00 0.00 0.00 0.00 0.358 0.251 0.251 20.170 15.011 -0.971 0.00
blue_cone 0.00 0 0.00 0.00 0.00 0.00 0.00 0.358 0.251 0.251 31.290 12.820 -0.971 0.00
blue_cone 0.00 0 0.00 0.00 0.00 0.00 0.00 0.358 0.251 0.251 23.787 15.685 -0.971 0.00
blue_cone 0.00 0 0.00 0.00 0.00 0.00 0.00 0.358 0.251 0.251 8.566 10.252 -0.971 0.00
blue_cone 0.00 0 0.00 0.00 0.00 0.00 0.00 0.358 0.251 0.251 4.861 12.297 -0.971 0.00
blue_cone 0.00 0 0.00 0.00 0.00 0.00 0.00 0.358 0.251 0.251 34.687 13.442 -0.971 0.00
blue_cone 0.00 0 0.00 0.00 0.00 0.00 0.00 0.358 0.251 0.251 36.517 0.924 -0.971 0.00
blue_cone 0.00 0 0.00 0.00 0.00 0.00 0.00 0.358 0.251 0.251 11.765 10.175 -0.971 0.00
blue_cone 0.00 0 0.00 0.00 0.00 0.00 0.00 0.358 0.251 0.251 23.508 3.151 -0.971 0.00
blue_cone 0.00 0 0.00 0.00 0.00 0.00 0.00 0.358 0.251 0.251 20.850 15.693 -0.971 0.00
blue_cone 0.00 0 0.00 0.00 0.00 0.00 0.00 0.358 0.251 0.251 27.203 14.473 -0.971 0.00
blue_cone 0.00 0 0.00 0.00 0.00 0.00 0.00 0.358 0.251 0.251 17.390 13.629 -0.971 0.00
yellow_cone 0.00 0 0.00 0.00 0.00 0.00 0.00 0.358 0.251 0.251 32.544 -0.947 -0.971 0.00
yellow_cone 0.00 0 0.00 0.00 0.00 0.00 0.00 0.358 0.251 0.251 16.526 17.299 -0.971 0.00
yellow_cone 0.00 0 0.00 0.00 0.00 0.00 0.00 0.358 0.251 0.251 23.546 19.563 -0.971 0.00
yellow_cone 0.00 0 0.00 0.00 0.00 0.00 0.00 0.358 0.251 0.251 1.288 -1.687 -0.971 0.00
yellow_cone 0.00 0 0.00 0.00 0.00 0.00 0.00 0.358 0.251 0.251 39.302 -3.853 -0.971 0.00
yellow_cone 0.00 0 0.00 0.00 0.00 0.00 0.00 0.358 0.251 0.251 13.130 14.959 -0.971 0.00
yellow_cone 0.00 0 0.00 0.00 0.00 0.00 0.00 0.358 0.251 0.251 31.624 16.830 -0.971 0.00
yellow_cone 0.00 0 0.00 0.00 0.00 0.00 0.00 0.358 0.251 0.251 27.717 18.074 -0.971 0.00
yellow_cone 0.00 0 0.00 0.00 0.00 0.00 0.00 0.358 0.251 0.251 23.838 -0.750 -0.971 0.00
yellow_cone 0.00 0 0.00 0.00 0.00 0.00 0.00 0.358 0.251 0.251 36.222 -2.531 -0.971 0.00
yellow_cone 0.00 0 0.00 0.00 0.00 0.00 0.00 0.358 0.251 0.251 10.977 13.625 -0.971 0.00
yellow_cone 0.00 0 0.00 0.00 0.00 0.00 0.00 0.358 0.251 0.251 34.811 17.864 -0.971 0.00
yellow_cone 0.00 0 0.00 0.00 0.00 0.00 0.00 0.358 0.251 0.251 8.741 14.248 -0.971 0.00
yellow_cone 0.00 0 0.00 0.00 0.00 0.00 0.00 0.358 0.251 0.251 6.410 15.548 -0.971 0.00
yellow_cone 0.00 0 0.00 0.00 0.00 0.00 0.00 0.358 0.251 0.251 20.073 19.221 -0.971 0.00
yellow_cone 0.00 0 0.00 1402.76 451.88 1476.41 548.14 0.358 0.251 0.251 5.958 -1.433 -0.971 0.00
yellow_cone 0.00 0 0.00 1191.41 353.79 1236.21 405.04 0.358 0.251 0.251 11.022 -1.276 -0.971 0.00
yellow_cone 0.00 0 0.00 1109.06 322.22 1141.52 358.92 0.358 0.251 0.251 15.196 -1.076 -0.971 0.00
yellow_cone 0.00 0 0.00 1060.01 301.29 1086.95 330.29 0.358 0.251 0.251 19.831 -0.912 -0.971 0.00
yellow_cone 0.00 0 0.00 995.95 282.32 1012.38 301.81 0.358 0.251 0.251 28.766 -0.195 -0.971 0.00
blue_cone 0.00 0 0.00 833.82 277.43 847.43 294.26 0.358 0.251 0.251 32.762 2.636 -0.971 0.00
blue_cone 0.00 0 0.00 742.68 285.51 758.43 303.51 0.358 0.251 0.251 28.249 3.664 -0.971 0.00
blue_cone 0.00 0 0.00 715.18 306.41 739.18 333.11 0.358 0.251 0.251 19.828 2.856 -0.971 0.00
blue_cone 0.00 0 0.00 663.07 328.74 696.14 365.23 0.358 0.251 0.251 14.945 2.610 -0.971 0.00
blue_cone 0.00 0 0.00 554.29 369.64 601.08 422.51 0.358 0.251 0.251 10.391 2.420 -0.971 0.00
blue_cone 0.00 0 0.00 284.71 482.21 368.50 583.55 0.358 0.251 0.251 5.593 2.180 -0.971 0.00
blue_cone 0.00 0 0.00 28.97 305.97 49.33 328.88 0.00 0.00 0.00 0.00 0.00 0.00 0.00
yellow_cone 0.00 0 0.00 1209.01 267.55 1222.13 282.38 0.00 0.00 0.00 0.00 0.00 0.00 0.00
blue_cone 0.00 0 0.00 240.40 293.65 256.83 312.03 0.00 0.00 0.00 0.00 0.00 0.00 0.00
yellow_cone 0.00 0 0.00 60.49 293.21 79.67 313.17 0.00 0.00 0.00 0.00 0.00 0.00 0.00
blue_cone 0.00 0 0.00 260.72 288.13 275.40 305.01 0.00 0.00 0.00 0.00 0.00 0.00 0.00
blue_cone 0.00 0 0.00 414.61 273.37 429.15 288.33 0.00 0.00 0.00 0.00 0.00 0.00 0.00
yellow_cone 0.00 0 0.00 170.74 280.13 185.70 297.18 0.00 0.00 0.00 0.00 0.00 0.00 0.00
blue_cone 0.00 0 0.00 279.15 287.12 295.82 306.32 0.00 0.00 0.00 0.00 0.00 0.00 0.00
yellow_cone 0.00 0 0.00 1163.03 269.78 1175.73 285.60 0.00 0.00 0.00 0.00 0.00 0.00 0.00
yellow_cone 0.00 0 0.00 1111.36 272.98 1125.39 289.12 0.00 0.00 0.00 0.00 0.00 0.00 0.00
yellow_cone 0.00 0 0.00 74.84 285.76 91.77 305.11 0.00 0.00 0.00 0.00 0.00 0.00 0.00