blue_cone 0.00 0 0.00 0.00 0.00 0.00 0.00 0.358 0.251 0.251 12.766 10.596 -0.971 0.00
blue_cone 0.00 0 0.00 0.00 0.00 0.00 0.00 0.358 0.251 0.251 18.905 13.627 -0.971 0.00
blue_cone 0.00 0 0.00 0.00 0.00 0.00 0.00 0.358 0.251 0.251 29.856 10.702 -0.971 0.00
blue_cone 0.00 0 0.00 0.00 0.00 0.00 0.00 0.358 0.251 0.251 22.560 14.059 -0.971 0.00
blue_cone 0.00 0 0.00 0.00 0.00 0.00 0.00 0.358 0.251 0.251 7.011 9.650 -0.971 0.00
blue_cone 0.00 0 0.00 0.00 0.00 0.00 0.00 0.358 0.251 0.251 38.922 -3.509 -0.971 0.00
blue_cone 0.00 0 0.00 0.00 0.00 0.00 0.00 0.358 0.251 0.251 3.450 11.936 -0.971 0.00
blue_cone 0.00 0 0.00 0.00 0.00 0.00 0.00 0.358 0.251 0.251 33.286 11.096 -0.971 0.00
blue_cone 0.00 0 0.00 0.00 0.00 0.00 0.00 0.358 0.251 0.251 26.213 1.768 -0.971 0.00
blue_cone 0.00 0 0.00 0.00 0.00 0.00 0.00 0.358 0.251 0.251 34.281 -1.515 -0.971 0.00
blue_cone 0.00 0 0.00 0.00 0.00 0.00 0.00 0.358 0.251 0.251 36.507 12.466 -0.971 0.00
blue_cone 0.00 0 0.00 0.00 0.00 0.00 0.00 0.358 0.251 0.251 10.198 9.360 -0.971 0.00
blue_cone 0.00 0 0.00 0.00 0.00 0.00 0.00 0.358 0.251 0.251 19.630 14.263 -0.971 0.00
blue_cone 0.00 0 0.00 0.00 0.00 0.00 0.00 0.358 0.251 0.251 25.887 12.623 -0.971 0.00
blue_cone 0.00 0 0.00 0.00 0.00 0.00 0.00 0.358 0.251 0.251 16.040 12.433 -0.971 0.00
yellow_cone 0.00 0 0.00 0.00 0.00 0.00 0.00 0.358 0.251 0.251 30.192 -3.118 -0.971 0.00
yellow_cone 0.00 0 0.00 0.00 0.00 0.00 0.00 0.358 0.251 0.251 15.422 16.152 -0.971 0.00
yellow_cone 0.00 0 0.00 0.00 0.00 0.00 0.00 0.358 0.251 0.251 22.576 17.944 -0.971 0.00
yellow_cone 0.00 0 0.00 0.00 0.00 0.00 0.00 0.358 0.251 0.251 36.742 -6.467 -0.971 0.00
yellow_cone 0.00 0 0.00 0.00 0.00 0.00 0.00 0.358 0.251 0.251 11.878 14.043 -0.971 0.00
yellow_cone 0.00 0 0.00 0.00 0.00 0.00 0.00 0.358 0.251 0.251 30.455 14.681 -0.971 0.00
yellow_cone 0.00 0 0.00 0.00 0.00 0.00 0.00 0.358 0.251 0.251 26.640 16.181 -0.971 0.00
yellow_cone 0.00 0 0.00 0.00 0.00 0.00 0.00 0.358 0.251 0.251 33.756 -4.943 -0.971 0.00
yellow_cone 0.00 0 0.00 0.00 0.00 0.00 0.00 0.358 0.251 0.251 9.641 12.855 -0.971 0.00
yellow_cone 0.00 0 0.00 0.00 0.00 0.00 0.00 0.358 0.251 0.251 33.704 15.501 -0.971 0.00
yellow_cone 0.00 0 0.00 0.00 0.00 0.00 0.00 0.358 0.251 0.251 7.451 13.625 -0.971 0.00
yellow_cone 0.00 0 0.00 0.00 0.00 0.00 0.00 0.358 0.251 0.251 5.212 15.077 -0.971 0.00
yellow_cone 0.00 0 0.00 0.00 0.00 0.00 0.00 0.358 0.251 0.251 19.089 17.834 -0.971 0.00
yellow_cone 0.00 0 0.00 1824.79 595.26 1942.47 751.61 0.358 0.251 0.251 3.633 -1.837 -0.971 0.00
blue_cone 0.00 0 0.00 109.76 630.18 233.80 792.52 0.358 0.251 0.251 3.508 1.793 -0.971 0.00
yellow_cone 0.00 0 0.00 1398.86 398.78 1454.17 465.26 0.358 0.251 0.251 8.695 -2.016 -0.971 0.00
blue_cone 0.00 0 0.00 608.21 413.29 666.26 481.61 0.358 0.251 0.251 8.312 1.714 -0.971 0.00
blue_cone 0.00 0 0.00 757.66 355.28 795.55 398.16 0.358 0.251 0.251 12.868 1.600 -0.971 0.00
yellow_cone 0.00 0 0.00 1276.73 351.24 1314.79 395.49 0.358 0.251 0.251 12.874 -2.094 -0.971 0.00
blue_cone 0.00 0 0.00 824.53 326.88 852.18 357.46 0.358 0.251 0.251 17.757 1.521 -0.971 0.00
blue_cone 0.00 0 0.00 851.27 315.56 871.14 338.59 0.358 0.251 0.251 21.448 1.572 -0.971 0.00
blue_cone 0.00 0 0.00 956.18 294.18 971.82 312.30 0.358 0.251 0.251 30.648 0.442 -0.971 0.00
yellow_cone 0.00 0 0.00 1130.53 300.22 1149.83 321.65 0.358 0.251 0.251 26.473 -2.117 -0.971 0.00
yellow_cone 0.00 0 0.00 1182.89 311.28 1205.85 337.27 0.358 0.251 0.251 21.518 -2.343 -0.971 0.00
yellow_cone 0.00 0 0.00 1210.00 323.88 1240.65 358.09 0.358 0.251 0.251 17.509 -2.238 -0.971 0.00
blue_cone 0.00 0 0.00 335.33 309.15 352.78 328.41 0.00 0.00 0.00 0.00 0.00 0.00 0.00
yellow_cone 0.00 0 0.00 157.38 308.92 176.55 328.45 0.00 0.00 0.00 0.00 0.00 0.00 0.00
blue_cone 0.00 0 0.00 364.63 302.95 380.58 319.16 0.00 0.00 0.00 0.00 0.00 0.00 0.00
blue_cone 0.00 0 0.00 109.83 323.72 129.57 345.52 0.00 0.00 0.00 0.00 0.00 0.00 0.00
yellow_cone 0.00 0 0.00 1354.33 284.17 1366.99 299.39 0.00 0.00 0.00 0.00 0.00 0.00 0.00
yellow_cone 0.00 0 0.00 119.54 315.38 136.81 336.65 0.00 0.00 0.00 0.00 0.00 0.00 0.00
yellow_cone 0.00 0 0.00 177.05 300.49 193.81 318.51 0.00 0.00 0.00 0.00 0.00 0.00 0.00
yellow_cone 0.00 0 0.00 1306.15 287.77 1320.05 304.16 0.00 0.00 0.00 0.00 0.00 0.00 0.00
blue_cone 0.00 0 0.00 385.85 295.31 399.76 309.37 0.00 0.00 0.00 0.00 0.00 0.00 0.00
yellow_cone 0.00 0 0.00 1253.16 290.02 1269.10 308.84 0.00 0.00 0.00 0.00 0.00 0.00 0.00