blue_cone 0.00 0 0.00 0.00 0.00 0.00 0.00 0.358 0.251 0.251 20.178 4.959 -0.971 0.00
blue_cone 0.00 0 0.00 0.00 0.00 0.00 0.00 0.358 0.251 0.251 36.540 -1.209 -0.971 0.00
blue_cone 0.00 0 0.00 0.00 0.00 0.00 0.00 0.358 0.251 0.251 38.297 -9.055 -0.971 0.00
blue_cone 0.00 0 0.00 0.00 0.00 0.00 0.00 0.358 0.251 0.251 28.691 -11.224 -0.971 0.00
blue_cone 0.00 0 0.00 0.00 0.00 0.00 0.00 0.358 0.251 0.251 6.998 10.171 -0.971 0.00
blue_cone 0.00 0 0.00 0.00 0.00 0.00 0.00 0.358 0.251 0.251 28.272 1.800 -0.971 0.00
blue_cone 0.00 0 0.00 0.00 0.00 0.00 0.00 0.358 0.251 0.251 24.219 3.295 -0.971 0.00
blue_cone 0.00 0 0.00 0.00 0.00 0.00 0.00 0.358 0.251 0.251 24.926 -10.625 -0.971 0.00
blue_cone 0.00 0 0.00 0.00 0.00 0.00 0.00 0.358 0.251 0.251 32.692 0.202 -0.971 0.00
blue_cone 0.00 0 0.00 0.00 0.00 0.00 0.00 0.358 0.251 0.251 35.307 -9.887 -0.971 0.00
blue_cone 0.00 0 0.00 0.00 0.00 0.00 0.00 0.358 0.251 0.251 32.135 -10.861 -0.971 0.00
blue_cone 0.00 0 0.00 0.00 0.00 0.00 0.00 0.358 0.251 0.251 11.227 8.472 -0.971 0.00
blue_cone 0.00 0 0.00 0.00 0.00 0.00 0.00 0.358 0.251 0.251 15.700 6.719 -0.971 0.00
yellow_cone 0.00 0 0.00 0.00 0.00 0.00 0.00 0.358 0.251 0.251 11.524 -8.228 -0.971 0.00
yellow_cone 0.00 0 0.00 0.00 0.00 0.00 0.00 0.358 0.251 0.251 37.828 2.107 -0.971 0.00
yellow_cone 0.00 0 0.00 0.00 0.00 0.00 0.00 0.358 0.251 0.251 12.171 12.101 -0.971 0.00
yellow_cone 0.00 0 0.00 0.00 0.00 0.00 0.00 0.358 0.251 0.251 21.214 8.475 -0.971 0.00
yellow_cone 0.00 0 0.00 0.00 0.00 0.00 0.00 0.358 0.251 0.251 16.852 10.163 -0.971 0.00
yellow_cone 0.00 0 0.00 0.00 0.00 0.00 0.00 0.358 0.251 0.251 27.792 -14.571 -0.971 0.00
yellow_cone 0.00 0 0.00 0.00 0.00 0.00 0.00 0.358 0.251 0.251 13.314 -9.776 -0.971 0.00
yellow_cone 0.00 0 0.00 0.00 0.00 0.00 0.00 0.358 0.251 0.251 23.881 -13.670 -0.971 0.00
yellow_cone 0.00 0 0.00 0.00 0.00 0.00 0.00 0.358 0.251 0.251 8.283 13.634 -0.971 0.00
yellow_cone 0.00 0 0.00 0.00 0.00 0.00 0.00 0.358 0.251 0.251 19.913 -12.148 -0.971 0.00
yellow_cone 0.00 0 0.00 0.00 0.00 0.00 0.00 0.358 0.251 0.251 25.528 6.750 -0.971 0.00
yellow_cone 0.00 0 0.00 0.00 0.00 0.00 0.00 0.358 0.251 0.251 35.431 -13.528 -0.971 0.00
yellow_cone 0.00 0 0.00 0.00 0.00 0.00 0.00 0.358 0.251 0.251 9.460 -5.132 -0.971 0.00
yellow_cone 0.00 0 0.00 0.00 0.00 0.00 0.00 0.358 0.251 0.251 16.386 -11.128 -0.971 0.00
yellow_cone 0.00 0 0.00 0.00 0.00 0.00 0.00 0.358 0.251 0.251 33.690 3.662 -0.971 0.00
yellow_cone 0.00 0 0.00 0.00 0.00 0.00 0.00 0.358 0.251 0.251 29.421 5.346 -0.971 0.00
yellow_cone 0.00 0 0.00 0.00 0.00 0.00 0.00 0.358 0.251 0.251 31.504 -14.888 -0.971 0.00
blue_cone 0.00 0 0.00 242.60 545.69 350.20 685.90 0.358 0.251 0.251 3.933 1.593 -0.971 0.00
yellow_cone 0.00 0 0.00 1796.85 570.71 1934.84 724.90 0.358 0.251 0.251 3.576 -1.833 -0.971 0.00
yellow_cone 0.00 0 0.00 1422.93 427.14 1494.55 519.60 0.358 0.251 0.251 6.087 -1.502 -0.971 0.00
blue_cone 0.00 0 0.00 484.42 412.84 549.19 496.12 0.358 0.251 0.251 6.787 1.968 -0.971 0.00
blue_cone 0.00 0 0.00 884.48 351.96 941.35 411.42 0.358 0.251 0.251 9.672 0.582 -0.971 0.00
yellow_cone 0.00 0 0.00 1659.49 386.68 1725.34 457.17 0.358 0.251 0.251 7.869 -2.989 -0.971 0.00
blue_cone 0.00 0 0.00 1752.41 319.36 1784.33 356.17 0.358 0.251 0.251 14.682 -6.157 -0.971 0.00
blue_cone 0.00 0 0.00 1415.20 327.13 1457.03 373.47 0.358 0.251 0.251 12.209 -2.805 -0.971 0.00
blue_cone 0.00 0 0.00 1831.92 309.04 1858.05 337.11 0.358 0.251 0.251 17.652 -8.164 -0.971 0.00
blue_cone 0.00 0 0.00 1825.32 296.23 1845.53 320.53 0.358 0.251 0.251 21.143 -9.635 -0.971 0.00
yellow_cone 0.00 0 0.00 1937.86 367.93 1989.60 424.34 0.00 0.00 0.00 0.00 0.00 0.00 0.00
blue_cone 0.00 0 0.00 246.40 313.64 277.28 351.05 0.00 0.00 0.00 0.00 0.00 0.00 0.00
yellow_cone 0.00 0 0.00 2024.51 290.27 2046.35 314.70 0.00 0.00 0.00 0.00 0.00 0.00 0.00
blue_cone 0.00 0 0.00 566.70 289.96 588.32 315.34 0.00 0.00 0.00 0.00 0.00 0.00 0.00
blue_cone 0.00 0 0.00 898.30 266.10 916.34 285.63 0.00 0.00 0.00 0.00 0.00 0.00 0.00
blue_cone 0.00 0 0.00 1720.82 274.50 1738.02 291.83 0.00 0.00 0.00 0.00 0.00 0.00 0.00
yellow_cone 0.00 0 0.00 1948.25 281.47 1966.76 300.34 0.00 0.00 0.00 0.00 0.00 0.00 0.00
blue_cone 0.00 0 0.00 766.29 275.24 784.58 296.06 0.00 0.00 0.00 0.00 0.00 0.00 0.00
yellow_cone 0.00 0 0.00 533.26 272.51 553.39 293.63 0.00 0.00 0.00 0.00 0.00 0.00 0.00
yellow_cone 0.00 0 0.00 1861.19 273.13 1877.86 290.13 0.00 0.00 0.00 0.00 0.00 0.00 0.00
blue_cone 0.00 0 0.00 1080.26 253.32 1094.51 267.63 0.00 0.00 0.00 0.00 0.00 0.00 0.00
blue_cone 0.00 0 0.00 1007.57 256.06 1023.03 273.87 0.00 0.00 0.00 0.00 0.00 0.00 0.00
yellow_cone 0.00 0 0.00 294.40 288.49 321.18 315.51 0.00 0.00 0.00 0.00 0.00 0.00 0.00
yellow_cone 0.00 0 0.00 1418.39 250.87 1432.14 264.51 0.00 0.00 0.00 0.00 0.00 0.00 0.00
yellow_cone 0.00 0 0.00 818.53 257.18 833.92 273.46 0.00 0.00 0.00 0.00 0.00 0.00 0.00
blue_cone 0.00 0 0.00 1393.40 254.03 1408.12 267.40 0.00 0.00 0.00 0.00 0.00 0.00 0.00
blue_cone 0.00 0 0.00 1316.89 252.00 1328.84 263.84 0.00 0.00 0.00 0.00 0.00 0.00 0.00
yellow_cone 0.00 0 0.00 1514.96 253.04 1527.05 266.82 0.00 0.00 0.00 0.00 0.00 0.00 0.00