blue_cone 0.00 0 0.00 0.00 0.00 0.00 0.00 0.358 0.251 0.251 12.219 12.408 -0.971 0.00
blue_cone 0.00 0 0.00 0.00 0.00 0.00 0.00 0.358 0.251 0.251 7.687 18.397 -0.971 0.00
blue_cone 0.00 0 0.00 0.00 0.00 0.00 0.00 0.358 0.251 0.251 1.248 1.636 -0.971 0.00
blue_cone 0.00 0 0.00 0.00 0.00 0.00 0.00 0.358 0.251 0.251 10.230 15.792 -0.971 0.00
blue_cone 0.00 0 0.00 0.00 0.00 0.00 0.00 0.358 0.251 0.251 13.207 9.486 -0.971 0.00
yellow_cone 0.00 0 0.00 0.00 0.00 0.00 0.00 0.358 0.251 0.251 2.040 -1.739 -0.971 0.00
yellow_cone 0.00 0 0.00 0.00 0.00 0.00 0.00 0.358 0.251 0.251 15.462 14.472 -0.971 0.00
yellow_cone 0.00 0 0.00 0.00 0.00 0.00 0.00 0.358 0.251 0.251 16.960 10.692 -0.971 0.00
yellow_cone 0.00 0 0.00 0.00 0.00 0.00 0.00 0.358 0.251 0.251 9.246 21.821 -0.971 0.00
yellow_cone 0.00 0 0.00 0.00 0.00 0.00 0.00 0.358 0.251 0.251 13.058 18.639 -0.971 0.00
blue_cone 0.00 0 0.00 525.18 444.53 601.32 533.22 0.358 0.251 0.251 6.298 1.520 -0.971 0.00
blue_cone 0.00 0 0.00 575.08 369.01 630.79 428.28 0.358 0.251 0.251 9.688 2.024 -0.971 0.00
blue_cone 0.00 0 0.00 76.77 348.47 114.05 389.37 0.358 0.251 0.251 13.510 6.664 -0.971 0.00
blue_cone 0.00 0 0.00 401.34 344.87 442.03 390.18 0.358 0.251 0.251 12.395 4.053 -0.971 0.00
yellow_cone 0.00 0 0.00 223.69 320.76 253.24 350.40 0.358 0.251 0.251 17.848 7.298 -0.971 0.00
yellow_cone 0.00 0 0.00 474.39 313.43 507.11 347.14 0.358 0.251 0.251 17.148 4.845 -0.971 0.00
yellow_cone 0.00 0 0.00 803.70 309.77 838.18 345.85 0.358 0.251 0.251 16.356 1.510 -0.971 0.00
yellow_cone 0.00 0 0.00 1085.39 325.78 1123.94 370.00 0.358 0.251 0.251 13.271 -0.824 -0.971 0.00
yellow_cone 0.00 0 0.00 1407.76 366.35 1458.73 429.42 0.358 0.251 0.251 9.250 -2.321 -0.971 0.00
yellow_cone 0.00 0 0.00 1604.91 462.48 1694.25 570.31 0.358 0.251 0.251 5.379 -2.039 -0.971 0.00