blue_cone 0.00 0 0.00 0.00 0.00 0.00 0.00 0.358 0.251 0.251 7.795 13.224 -0.971 0.00
blue_cone 0.00 0 0.00 0.00 0.00 0.00 0.00 0.358 0.251 0.251 2.477 1.665 -0.971 0.00
blue_cone 0.00 0 0.00 0.00 0.00 0.00 0.00 0.358 0.251 0.251 14.704 11.356 -0.971 0.00
blue_cone 0.00 0 0.00 0.00 0.00 0.00 0.00 0.358 0.251 0.251 3.725 13.707 -0.971 0.00
blue_cone 0.00 0 0.00 0.00 0.00 0.00 0.00 0.358 0.251 0.251 12.096 12.643 -0.971 0.00
yellow_cone 0.00 0 0.00 0.00 0.00 0.00 0.00 0.358 0.251 0.251 8.280 16.749 -0.971 0.00
yellow_cone 0.00 0 0.00 0.00 0.00 0.00 0.00 0.358 0.251 0.251 13.226 15.925 -0.971 0.00
yellow_cone 0.00 0 0.00 0.00 0.00 0.00 0.00 0.358 0.251 0.251 2.379 -1.800 -0.971 0.00
yellow_cone 0.00 0 0.00 0.00 0.00 0.00 0.00 0.358 0.251 0.251 16.977 14.393 -0.971 0.00
yellow_cone 0.00 0 0.00 0.00 0.00 0.00 0.00 0.358 0.251 0.251 18.733 12.153 -0.971 0.00
blue_cone 0.00 0 0.00 0.00 768.98 103.83 988.65 0.358 0.251 0.251 5.767 2.677 -0.971 0.00
yellow_cone 0.00 0 0.00 1331.80 451.45 1419.35 546.70 0.358 0.251 0.251 6.063 -1.248 -0.971 0.00
yellow_cone 0.00 0 0.00 781.43 383.42 837.34 444.28 0.358 0.251 0.251 9.568 0.983 -0.971 0.00
blue_cone 0.00 0 0.00 49.73 427.40 117.33 493.70 0.358 0.251 0.251 11.321 5.999 -0.971 0.00
blue_cone 0.00 0 0.00 125.92 499.50 219.36 598.07 0.358 0.251 0.251 8.605 4.497 -0.971 0.00
yellow_cone 0.00 0 0.00 570.81 356.95 611.19 403.28 0.358 0.251 0.251 12.791 2.809 -0.971 0.00
yellow_cone 0.00 0 0.00 434.07 347.94 467.55 385.90 0.358 0.251 0.251 15.402 4.559 -0.971 0.00
blue_cone 0.00 0 0.00 30.63 396.04 72.27 445.02 0.358 0.251 0.251 13.566 7.243 -0.971 0.00
blue_cone 0.00 0 0.00 21.69 378.24 62.72 420.89 0.358 0.251 0.251 14.897 8.930 -0.971 0.00
yellow_cone 0.00 0 0.00 300.39 340.66 328.64 372.11 0.358 0.251 0.251 18.204 6.735 -0.971 0.00
yellow_cone 0.00 0 0.00 91.52 344.29 118.95 374.25 0.358 0.251 0.251 19.203 9.382 -0.971 0.00