blue_cone 0.00 0 0.00 0.00 0.00 0.00 0.00 0.358 0.251 0.251 14.244 11.580 -0.971 0.00
blue_cone 0.00 0 0.00 0.00 0.00 0.00 0.00 0.358 0.251 0.251 0.784 1.946 -0.971 0.00
blue_cone 0.00 0 0.00 0.00 0.00 0.00 0.00 0.358 0.251 0.251 20.168 15.012 -0.971 0.00
blue_cone 0.00 0 0.00 0.00 0.00 0.00 0.00 0.358 0.251 0.251 31.289 12.820 -0.971 0.00
blue_cone 0.00 0 0.00 0.00 0.00 0.00 0.00 0.358 0.251 0.251 23.786 15.686 -0.971 0.00
blue_cone 0.00 0 0.00 0.00 0.00 0.00 0.00 0.358 0.251 0.251 8.564 10.254 -0.971 0.00
blue_cone 0.00 0 0.00 0.00 0.00 0.00 0.00 0.358 0.251 0.251 4.859 12.299 -0.971 0.00
blue_cone 0.00 0 0.00 0.00 0.00 0.00 0.00 0.358 0.251 0.251 34.685 13.441 -0.971 0.00
blue_cone 0.00 0 0.00 0.00 0.00 0.00 0.00 0.358 0.251 0.251 11.764 10.177 -0.971 0.00
blue_cone 0.00 0 0.00 0.00 0.00 0.00 0.00 0.358 0.251 0.251 23.505 3.152 -0.971 0.00
blue_cone 0.00 0 0.00 0.00 0.00 0.00 0.00 0.358 0.251 0.251 20.849 15.694 -0.971 0.00
blue_cone 0.00 0 0.00 0.00 0.00 0.00 0.00 0.358 0.251 0.251 27.201 14.473 -0.971 0.00
blue_cone 0.00 0 0.00 0.00 0.00 0.00 0.00 0.358 0.251 0.251 32.760 2.635 -0.971 0.00
blue_cone 0.00 0 0.00 0.00 0.00 0.00 0.00 0.358 0.251 0.251 17.388 13.630 -0.971 0.00
yellow_cone 0.00 0 0.00 0.00 0.00 0.00 0.00 0.358 0.251 0.251 32.541 -0.947 -0.971 0.00
yellow_cone 0.00 0 0.00 0.00 0.00 0.00 0.00 0.358 0.251 0.251 16.525 17.300 -0.971 0.00
yellow_cone 0.00 0 0.00 0.00 0.00 0.00 0.00 0.358 0.251 0.251 23.545 19.563 -0.971 0.00
yellow_cone 0.00 0 0.00 0.00 0.00 0.00 0.00 0.358 0.251 0.251 1.285 -1.684 -0.971 0.00
yellow_cone 0.00 0 0.00 0.00 0.00 0.00 0.00 0.358 0.251 0.251 39.299 -3.855 -0.971 0.00
yellow_cone 0.00 0 0.00 0.00 0.00 0.00 0.00 0.358 0.251 0.251 13.129 14.961 -0.971 0.00
yellow_cone 0.00 0 0.00 0.00 0.00 0.00 0.00 0.358 0.251 0.251 31.622 16.830 -0.971 0.00
yellow_cone 0.00 0 0.00 0.00 0.00 0.00 0.00 0.358 0.251 0.251 27.716 18.074 -0.971 0.00
yellow_cone 0.00 0 0.00 0.00 0.00 0.00 0.00 0.358 0.251 0.251 23.835 -0.749 -0.971 0.00
yellow_cone 0.00 0 0.00 0.00 0.00 0.00 0.00 0.358 0.251 0.251 36.218 -2.532 -0.971 0.00
yellow_cone 0.00 0 0.00 0.00 0.00 0.00 0.00 0.358 0.251 0.251 10.975 13.627 -0.971 0.00
yellow_cone 0.00 0 0.00 0.00 0.00 0.00 0.00 0.358 0.251 0.251 34.810 17.863 -0.971 0.00
yellow_cone 0.00 0 0.00 0.00 0.00 0.00 0.00 0.358 0.251 0.251 8.740 14.250 -0.971 0.00
yellow_cone 0.00 0 0.00 0.00 0.00 0.00 0.00 0.358 0.251 0.251 6.409 15.550 -0.971 0.00
yellow_cone 0.00 0 0.00 0.00 0.00 0.00 0.00 0.358 0.251 0.251 20.072 19.222 -0.971 0.00
blue_cone 0.00 0 0.00 284.63 482.31 368.46 583.52 0.358 0.251 0.251 5.590 2.182 -0.971 0.00
yellow_cone 0.00 0 0.00 1402.91 452.21 1476.33 548.21 0.358 0.251 0.251 5.955 -1.431 -0.971 0.00
blue_cone 0.00 0 0.00 554.29 369.83 600.77 422.42 0.358 0.251 0.251 10.388 2.422 -0.971 0.00
yellow_cone 0.00 0 0.00 1191.43 353.78 1236.10 405.07 0.358 0.251 0.251 10.936 -1.383 -0.971 0.00
blue_cone 0.00 0 0.00 663.32 328.75 695.99 365.25 0.358 0.251 0.251 14.942 2.611 -0.971 0.00
blue_cone 0.00 0 0.00 715.30 306.36 739.14 333.05 0.358 0.251 0.251 19.826 2.856 -0.971 0.00
yellow_cone 0.00 0 0.00 1108.96 322.26 1141.44 358.89 0.358 0.251 0.251 15.193 -1.074 -0.971 0.00
yellow_cone 0.00 0 0.00 1059.94 301.30 1086.80 330.18 0.358 0.251 0.251 19.827 -0.911 -0.971 0.00
yellow_cone 0.00 0 0.00 995.89 282.30 1012.32 301.83 0.358 0.251 0.251 28.763 -0.195 -0.971 0.00
blue_cone 0.00 0 0.00 742.78 285.54 758.53 303.56 0.358 0.251 0.251 28.247 3.664 -0.971 0.00
blue_cone 0.00 0 0.00 833.84 277.40 847.30 294.18 0.358 0.251 0.251 36.514 0.923 -0.971 0.00
blue_cone 0.00 0 0.00 28.79 305.94 48.94 328.73 0.00 0.00 0.00 0.00 0.00 0.00 0.00
yellow_cone 0.00 0 0.00 1208.85 267.60 1222.08 282.33 0.00 0.00 0.00 0.00 0.00 0.00 0.00
blue_cone 0.00 0 0.00 240.38 293.69 256.67 311.93 0.00 0.00 0.00 0.00 0.00 0.00 0.00
yellow_cone 0.00 0 0.00 60.43 293.15 79.51 313.15 0.00 0.00 0.00 0.00 0.00 0.00 0.00
blue_cone 0.00 0 0.00 260.89 288.11 275.11 304.64 0.00 0.00 0.00 0.00 0.00 0.00 0.00
yellow_cone 0.00 0 0.00 170.77 280.36 185.56 297.15 0.00 0.00 0.00 0.00 0.00 0.00 0.00
blue_cone 0.00 0 0.00 414.52 273.40 428.82 288.20 0.00 0.00 0.00 0.00 0.00 0.00 0.00
yellow_cone 0.00 0 0.00 1162.97 269.52 1175.64 285.37 0.00 0.00 0.00 0.00 0.00 0.00 0.00
yellow_cone 0.00 0 0.00 1111.33 272.87 1125.59 289.14 0.00 0.00 0.00 0.00 0.00 0.00 0.00
blue_cone 0.00 0 0.00 279.28 287.13 295.71 306.15 0.00 0.00 0.00 0.00 0.00 0.00 0.00
yellow_cone 0.00 0 0.00 74.97 285.73 91.68 305.02 0.00 0.00 0.00 0.00 0.00 0.00 0.00