blue_cone 0.00 0 0.00 0.00 0.00 0.00 0.00 0.358 0.251 0.251 14.246 11.580 -0.971 0.00
blue_cone 0.00 0 0.00 0.00 0.00 0.00 0.00 0.358 0.251 0.251 0.787 1.945 -0.971 0.00
blue_cone 0.00 0 0.00 0.00 0.00 0.00 0.00 0.358 0.251 0.251 20.171 15.012 -0.971 0.00
blue_cone 0.00 0 0.00 0.00 0.00 0.00 0.00 0.358 0.251 0.251 31.291 12.821 -0.971 0.00
blue_cone 0.00 0 0.00 0.00 0.00 0.00 0.00 0.358 0.251 0.251 23.788 15.686 -0.971 0.00
blue_cone 0.00 0 0.00 0.00 0.00 0.00 0.00 0.358 0.251 0.251 8.567 10.254 -0.971 0.00
blue_cone 0.00 0 0.00 0.00 0.00 0.00 0.00 0.358 0.251 0.251 4.862 12.299 -0.971 0.00
blue_cone 0.00 0 0.00 0.00 0.00 0.00 0.00 0.358 0.251 0.251 34.688 13.442 -0.971 0.00
blue_cone 0.00 0 0.00 0.00 0.00 0.00 0.00 0.358 0.251 0.251 28.250 3.665 -0.971 0.00
blue_cone 0.00 0 0.00 0.00 0.00 0.00 0.00 0.358 0.251 0.251 11.766 10.176 -0.971 0.00
blue_cone 0.00 0 0.00 0.00 0.00 0.00 0.00 0.358 0.251 0.251 23.508 3.152 -0.971 0.00
blue_cone 0.00 0 0.00 0.00 0.00 0.00 0.00 0.358 0.251 0.251 20.851 15.695 -0.971 0.00
blue_cone 0.00 0 0.00 0.00 0.00 0.00 0.00 0.358 0.251 0.251 27.204 14.474 -0.971 0.00
blue_cone 0.00 0 0.00 0.00 0.00 0.00 0.00 0.358 0.251 0.251 17.391 13.630 -0.971 0.00
yellow_cone 0.00 0 0.00 0.00 0.00 0.00 0.00 0.358 0.251 0.251 32.544 -0.946 -0.971 0.00
yellow_cone 0.00 0 0.00 0.00 0.00 0.00 0.00 0.358 0.251 0.251 16.527 17.300 -0.971 0.00
yellow_cone 0.00 0 0.00 0.00 0.00 0.00 0.00 0.358 0.251 0.251 23.547 19.564 -0.971 0.00
yellow_cone 0.00 0 0.00 0.00 0.00 0.00 0.00 0.358 0.251 0.251 1.288 -1.685 -0.971 0.00
yellow_cone 0.00 0 0.00 0.00 0.00 0.00 0.00 0.358 0.251 0.251 39.302 -3.853 -0.971 0.00
yellow_cone 0.00 0 0.00 0.00 0.00 0.00 0.00 0.358 0.251 0.251 13.131 14.961 -0.971 0.00
yellow_cone 0.00 0 0.00 0.00 0.00 0.00 0.00 0.358 0.251 0.251 31.625 16.831 -0.971 0.00
yellow_cone 0.00 0 0.00 0.00 0.00 0.00 0.00 0.358 0.251 0.251 27.718 18.074 -0.971 0.00
yellow_cone 0.00 0 0.00 0.00 0.00 0.00 0.00 0.358 0.251 0.251 23.838 -0.749 -0.971 0.00
yellow_cone 0.00 0 0.00 0.00 0.00 0.00 0.00 0.358 0.251 0.251 36.222 -2.530 -0.971 0.00
yellow_cone 0.00 0 0.00 0.00 0.00 0.00 0.00 0.358 0.251 0.251 10.977 13.627 -0.971 0.00
yellow_cone 0.00 0 0.00 0.00 0.00 0.00 0.00 0.358 0.251 0.251 34.812 17.864 -0.971 0.00
yellow_cone 0.00 0 0.00 0.00 0.00 0.00 0.00 0.358 0.251 0.251 8.742 14.250 -0.971 0.00
yellow_cone 0.00 0 0.00 0.00 0.00 0.00 0.00 0.358 0.251 0.251 6.411 15.550 -0.971 0.00
yellow_cone 0.00 0 0.00 0.00 0.00 0.00 0.00 0.358 0.251 0.251 20.074 19.222 -0.971 0.00
blue_cone 0.00 0 0.00 284.85 482.36 368.62 583.56 0.358 0.251 0.251 5.593 2.181 -0.971 0.00
yellow_cone 0.00 0 0.00 1402.49 452.03 1476.26 548.49 0.358 0.251 0.251 5.958 -1.432 -0.971 0.00
yellow_cone 0.00 0 0.00 1191.43 353.75 1236.27 405.14 0.358 0.251 0.251 11.022 -1.274 -0.971 0.00
blue_cone 0.00 0 0.00 554.26 369.77 600.80 422.48 0.358 0.251 0.251 10.391 2.422 -0.971 0.00
blue_cone 0.00 0 0.00 663.02 328.76 696.14 365.24 0.358 0.251 0.251 14.945 2.611 -0.971 0.00
yellow_cone 0.00 0 0.00 1108.89 322.22 1141.66 359.14 0.358 0.251 0.251 15.196 -1.074 -0.971 0.00
yellow_cone 0.00 0 0.00 1060.06 301.32 1086.92 330.14 0.358 0.251 0.251 19.831 -0.911 -0.971 0.00
yellow_cone 0.00 0 0.00 995.85 282.40 1012.49 301.94 0.358 0.251 0.251 28.766 -0.194 -0.971 0.00
blue_cone 0.00 0 0.00 833.64 277.27 847.43 294.21 0.358 0.251 0.251 36.517 0.924 -0.971 0.00
blue_cone 0.00 0 0.00 742.75 285.62 758.51 303.40 0.358 0.251 0.251 32.763 2.636 -0.971 0.00
blue_cone 0.00 0 0.00 715.16 306.36 739.27 333.14 0.358 0.251 0.251 19.829 2.857 -0.971 0.00
blue_cone 0.00 0 0.00 28.85 305.98 49.13 328.73 0.00 0.00 0.00 0.00 0.00 0.00 0.00
yellow_cone 0.00 0 0.00 1208.75 267.63 1222.15 282.46 0.00 0.00 0.00 0.00 0.00 0.00 0.00
blue_cone 0.00 0 0.00 240.37 293.66 256.71 311.91 0.00 0.00 0.00 0.00 0.00 0.00 0.00
yellow_cone 0.00 0 0.00 60.47 293.25 79.61 313.19 0.00 0.00 0.00 0.00 0.00 0.00 0.00
blue_cone 0.00 0 0.00 260.79 288.14 275.28 304.83 0.00 0.00 0.00 0.00 0.00 0.00 0.00
blue_cone 0.00 0 0.00 414.56 273.36 429.05 288.16 0.00 0.00 0.00 0.00 0.00 0.00 0.00
yellow_cone 0.00 0 0.00 170.71 279.91 185.62 296.99 0.00 0.00 0.00 0.00 0.00 0.00 0.00
blue_cone 0.00 0 0.00 279.27 287.14 295.83 306.31 0.00 0.00 0.00 0.00 0.00 0.00 0.00
yellow_cone 0.00 0 0.00 1163.08 269.92 1175.80 285.71 0.00 0.00 0.00 0.00 0.00 0.00 0.00
yellow_cone 0.00 0 0.00 1111.28 272.89 1125.47 289.08 0.00 0.00 0.00 0.00 0.00 0.00 0.00
yellow_cone 0.00 0 0.00 74.84 285.53 91.64 304.86 0.00 0.00 0.00 0.00 0.00 0.00 0.00
yellow_cone 0.00 0 0.00 343.65 271.62 358.54 287.56 0.00 0.00 0.00 0.00 0.00 0.00 0.00