blue_cone 0.00 0 0.00 0.00 0.00 0.00 0.00 0.358 0.251 0.251 14.244 11.580 -0.971 0.00
blue_cone 0.00 0 0.00 0.00 0.00 0.00 0.00 0.358 0.251 0.251 0.786 1.944 -0.971 0.00
blue_cone 0.00 0 0.00 0.00 0.00 0.00 0.00 0.358 0.251 0.251 20.168 15.012 -0.971 0.00
blue_cone 0.00 0 0.00 0.00 0.00 0.00 0.00 0.358 0.251 0.251 31.289 12.823 -0.971 0.00
blue_cone 0.00 0 0.00 0.00 0.00 0.00 0.00 0.358 0.251 0.251 23.785 15.687 -0.971 0.00
blue_cone 0.00 0 0.00 0.00 0.00 0.00 0.00 0.358 0.251 0.251 8.565 10.253 -0.971 0.00
blue_cone 0.00 0 0.00 0.00 0.00 0.00 0.00 0.358 0.251 0.251 4.859 12.298 -0.971 0.00
blue_cone 0.00 0 0.00 0.00 0.00 0.00 0.00 0.358 0.251 0.251 34.685 13.444 -0.971 0.00
blue_cone 0.00 0 0.00 0.00 0.00 0.00 0.00 0.358 0.251 0.251 11.764 10.176 -0.971 0.00
blue_cone 0.00 0 0.00 0.00 0.00 0.00 0.00 0.358 0.251 0.251 23.506 3.153 -0.971 0.00
blue_cone 0.00 0 0.00 0.00 0.00 0.00 0.00 0.358 0.251 0.251 20.848 15.695 -0.971 0.00
blue_cone 0.00 0 0.00 0.00 0.00 0.00 0.00 0.358 0.251 0.251 27.201 14.475 -0.971 0.00
blue_cone 0.00 0 0.00 0.00 0.00 0.00 0.00 0.358 0.251 0.251 32.761 2.638 -0.971 0.00
blue_cone 0.00 0 0.00 0.00 0.00 0.00 0.00 0.358 0.251 0.251 17.388 13.630 -0.971 0.00
yellow_cone 0.00 0 0.00 0.00 0.00 0.00 0.00 0.358 0.251 0.251 16.524 17.300 -0.971 0.00
yellow_cone 0.00 0 0.00 0.00 0.00 0.00 0.00 0.358 0.251 0.251 23.544 19.564 -0.971 0.00
yellow_cone 0.00 0 0.00 0.00 0.00 0.00 0.00 0.358 0.251 0.251 1.287 -1.687 -0.971 0.00
yellow_cone 0.00 0 0.00 0.00 0.00 0.00 0.00 0.358 0.251 0.251 39.301 -3.851 -0.971 0.00
yellow_cone 0.00 0 0.00 0.00 0.00 0.00 0.00 0.358 0.251 0.251 13.128 14.960 -0.971 0.00
yellow_cone 0.00 0 0.00 0.00 0.00 0.00 0.00 0.358 0.251 0.251 31.622 16.832 -0.971 0.00
yellow_cone 0.00 0 0.00 0.00 0.00 0.00 0.00 0.358 0.251 0.251 27.715 18.076 -0.971 0.00
yellow_cone 0.00 0 0.00 0.00 0.00 0.00 0.00 0.358 0.251 0.251 23.837 -0.748 -0.971 0.00
yellow_cone 0.00 0 0.00 0.00 0.00 0.00 0.00 0.358 0.251 0.251 36.221 -2.529 -0.971 0.00
yellow_cone 0.00 0 0.00 0.00 0.00 0.00 0.00 0.358 0.251 0.251 10.975 13.626 -0.971 0.00
yellow_cone 0.00 0 0.00 0.00 0.00 0.00 0.00 0.358 0.251 0.251 34.809 17.866 -0.971 0.00
yellow_cone 0.00 0 0.00 0.00 0.00 0.00 0.00 0.358 0.251 0.251 8.739 14.249 -0.971 0.00
yellow_cone 0.00 0 0.00 0.00 0.00 0.00 0.00 0.358 0.251 0.251 28.765 -0.193 -0.971 0.00
yellow_cone 0.00 0 0.00 0.00 0.00 0.00 0.00 0.358 0.251 0.251 6.409 15.549 -0.971 0.00
yellow_cone 0.00 0 0.00 0.00 0.00 0.00 0.00 0.358 0.251 0.251 20.071 19.222 -0.971 0.00
blue_cone 0.00 0 0.00 284.79 482.32 368.30 583.48 0.358 0.251 0.251 5.592 2.181 -0.971 0.00
blue_cone 0.00 0 0.00 554.14 369.80 600.82 422.49 0.358 0.251 0.251 10.390 2.421 -0.971 0.00
yellow_cone 0.00 0 0.00 1402.75 452.06 1476.27 548.44 0.358 0.251 0.251 5.957 -1.433 -0.971 0.00
yellow_cone 0.00 0 0.00 1191.17 353.79 1235.94 405.11 0.358 0.251 0.251 11.021 -1.275 -0.971 0.00
blue_cone 0.00 0 0.00 663.07 328.77 696.20 365.31 0.358 0.251 0.251 14.944 2.611 -0.971 0.00
yellow_cone 0.00 0 0.00 1108.90 322.19 1141.58 358.98 0.358 0.251 0.251 15.195 -1.075 -0.971 0.00
blue_cone 0.00 0 0.00 715.14 306.39 739.28 333.13 0.358 0.251 0.251 19.827 2.857 -0.971 0.00
yellow_cone 0.00 0 0.00 1060.09 301.27 1086.87 330.06 0.358 0.251 0.251 19.829 -0.910 -0.971 0.00
yellow_cone 0.00 0 0.00 995.86 282.39 1012.36 301.87 0.358 0.251 0.251 32.543 -0.945 -0.971 0.00
blue_cone 0.00 0 0.00 742.83 285.63 758.70 303.65 0.358 0.251 0.251 28.248 3.666 -0.971 0.00
blue_cone 0.00 0 0.00 833.65 277.47 847.25 294.26 0.358 0.251 0.251 36.516 0.926 -0.971 0.00
blue_cone 0.00 0 0.00 28.83 305.92 48.94 328.61 0.00 0.00 0.00 0.00 0.00 0.00 0.00
yellow_cone 0.00 0 0.00 1208.79 267.61 1222.14 282.55 0.00 0.00 0.00 0.00 0.00 0.00 0.00
blue_cone 0.00 0 0.00 240.35 293.61 256.65 312.01 0.00 0.00 0.00 0.00 0.00 0.00 0.00
yellow_cone 0.00 0 0.00 60.47 293.01 79.63 313.13 0.00 0.00 0.00 0.00 0.00 0.00 0.00
blue_cone 0.00 0 0.00 261.01 288.13 275.42 304.88 0.00 0.00 0.00 0.00 0.00 0.00 0.00
blue_cone 0.00 0 0.00 414.42 273.40 429.02 288.32 0.00 0.00 0.00 0.00 0.00 0.00 0.00
yellow_cone 0.00 0 0.00 170.90 280.20 185.62 297.06 0.00 0.00 0.00 0.00 0.00 0.00 0.00
yellow_cone 0.00 0 0.00 1162.85 269.87 1175.63 285.71 0.00 0.00 0.00 0.00 0.00 0.00 0.00
blue_cone 0.00 0 0.00 279.09 287.09 295.65 306.25 0.00 0.00 0.00 0.00 0.00 0.00 0.00
yellow_cone 0.00 0 0.00 1111.46 272.99 1125.62 289.17 0.00 0.00 0.00 0.00 0.00 0.00 0.00
yellow_cone 0.00 0 0.00 74.84 285.59 91.70 305.08 0.00 0.00 0.00 0.00 0.00 0.00 0.00