blue_cone 0.00 0 0.00 0.00 0.00 0.00 0.00 0.358 0.251 0.251 7.035 6.903 -0.971 0.00
blue_cone 0.00 0 0.00 0.00 0.00 0.00 0.00 0.358 0.251 0.251 7.395 17.910 -0.971 0.00
blue_cone 0.00 0 0.00 0.00 0.00 0.00 0.00 0.358 0.251 0.251 8.449 14.279 -0.971 0.00
blue_cone 0.00 0 0.00 0.00 0.00 0.00 0.00 0.358 0.251 0.251 8.217 10.646 -0.971 0.00
blue_cone 0.00 0 0.00 0.00 0.00 0.00 0.00 0.358 0.251 0.251 5.527 4.212 -0.971 0.00
yellow_cone 0.00 0 0.00 0.00 0.00 0.00 0.00 0.358 0.251 0.251 1.681 -3.600 -0.971 0.00
yellow_cone 0.00 0 0.00 0.00 0.00 0.00 0.00 0.358 0.251 0.251 10.204 20.192 -0.971 0.00
yellow_cone 0.00 0 0.00 0.00 0.00 0.00 0.00 0.358 0.251 0.251 12.035 15.413 -0.971 0.00
yellow_cone 0.00 0 0.00 0.00 0.00 0.00 0.00 0.358 0.251 0.251 12.225 10.451 -0.971 0.00
blue_cone 0.00 0 0.00 24.22 611.53 137.63 761.29 0.358 0.251 0.251 3.633 2.097 -0.971 0.00
yellow_cone 0.00 0 0.00 14.67 393.48 66.03 448.25 0.358 0.251 0.251 10.740 5.876 -0.971 0.00
yellow_cone 0.00 0 0.00 527.82 400.18 587.27 461.82 0.358 0.251 0.251 8.935 2.232 -0.971 0.00
yellow_cone 0.00 0 0.00 1151.80 427.78 1215.83 501.60 0.358 0.251 0.251 7.018 -0.616 -0.971 0.00
yellow_cone 0.00 0 0.00 1710.99 505.30 1822.47 629.08 0.358 0.251 0.251 4.609 -2.055 -0.971 0.00