blue_cone 0.00 0 0.00 0.00 0.00 0.00 0.00 0.358 0.251 0.251 7.605 10.931 -0.971 0.00
blue_cone 0.00 0 0.00 0.00 0.00 0.00 0.00 0.358 0.251 0.251 13.609 14.223 -0.971 0.00
blue_cone 0.00 0 0.00 0.00 0.00 0.00 0.00 0.358 0.251 0.251 24.675 11.773 -0.971 0.00
blue_cone 0.00 0 0.00 0.00 0.00 0.00 0.00 0.358 0.251 0.251 17.241 14.813 -0.971 0.00
blue_cone 0.00 0 0.00 0.00 0.00 0.00 0.00 0.358 0.251 0.251 34.345 -2.034 -0.971 0.00
blue_cone 0.00 0 0.00 0.00 0.00 0.00 0.00 0.358 0.251 0.251 34.614 16.041 -0.971 0.00
blue_cone 0.00 0 0.00 0.00 0.00 0.00 0.00 0.358 0.251 0.251 28.085 12.315 -0.971 0.00
blue_cone 0.00 0 0.00 0.00 0.00 0.00 0.00 0.358 0.251 0.251 31.244 13.821 -0.971 0.00
blue_cone 0.00 0 0.00 0.00 0.00 0.00 0.00 0.358 0.251 0.251 5.093 9.586 -0.971 0.00
blue_cone 0.00 0 0.00 0.00 0.00 0.00 0.00 0.358 0.251 0.251 37.710 -2.688 -0.971 0.00
blue_cone 0.00 0 0.00 0.00 0.00 0.00 0.00 0.358 0.251 0.251 14.305 14.890 -0.971 0.00
blue_cone 0.00 0 0.00 0.00 0.00 0.00 0.00 0.358 0.251 0.251 20.627 13.521 -0.971 0.00
blue_cone 0.00 0 0.00 0.00 0.00 0.00 0.00 0.358 0.251 0.251 10.797 12.907 -0.971 0.00
yellow_cone 0.00 0 0.00 0.00 0.00 0.00 0.00 0.358 0.251 0.251 25.606 -2.020 -0.971 0.00
yellow_cone 0.00 0 0.00 0.00 0.00 0.00 0.00 0.358 0.251 0.251 10.020 16.596 -0.971 0.00
yellow_cone 0.00 0 0.00 0.00 0.00 0.00 0.00 0.358 0.251 0.251 17.090 18.695 -0.971 0.00
yellow_cone 0.00 0 0.00 0.00 0.00 0.00 0.00 0.358 0.251 0.251 32.294 -5.084 -0.971 0.00
yellow_cone 0.00 0 0.00 0.00 0.00 0.00 0.00 0.358 0.251 0.251 6.570 14.337 -0.971 0.00
yellow_cone 0.00 0 0.00 0.00 0.00 0.00 0.00 0.358 0.251 0.251 25.102 15.774 -0.971 0.00
yellow_cone 0.00 0 0.00 0.00 0.00 0.00 0.00 0.358 0.251 0.251 21.226 17.109 -0.971 0.00
yellow_cone 0.00 0 0.00 0.00 0.00 0.00 0.00 0.358 0.251 0.251 29.245 -3.690 -0.971 0.00
yellow_cone 0.00 0 0.00 0.00 0.00 0.00 0.00 0.358 0.251 0.251 4.386 13.054 -0.971 0.00
yellow_cone 0.00 0 0.00 0.00 0.00 0.00 0.00 0.358 0.251 0.251 28.313 16.733 -0.971 0.00
yellow_cone 0.00 0 0.00 0.00 0.00 0.00 0.00 0.358 0.251 0.251 34.637 19.455 -0.971 0.00
yellow_cone 0.00 0 0.00 0.00 0.00 0.00 0.00 0.358 0.251 0.251 35.850 -6.639 -0.971 0.00
yellow_cone 0.00 0 0.00 0.00 0.00 0.00 0.00 0.358 0.251 0.251 30.976 18.020 -0.971 0.00
yellow_cone 0.00 0 0.00 0.00 0.00 0.00 0.00 0.358 0.251 0.251 13.610 18.435 -0.971 0.00
yellow_cone 0.00 0 0.00 1738.68 554.06 1859.58 689.74 0.358 0.251 0.251 4.081 -1.845 -0.971 0.00
blue_cone 0.00 0 0.00 62.02 617.43 210.57 773.31 0.358 0.251 0.251 3.538 1.866 -0.971 0.00
blue_cone 0.00 0 0.00 549.90 409.19 602.40 476.75 0.358 0.251 0.251 8.095 1.948 -0.971 0.00
yellow_cone 0.00 0 0.00 1354.19 398.33 1411.36 467.31 0.358 0.251 0.251 8.259 -1.742 -0.971 0.00
yellow_cone 0.00 0 0.00 1205.95 341.34 1246.83 386.82 0.358 0.251 0.251 12.896 -1.687 -0.971 0.00
blue_cone 0.00 0 0.00 681.13 345.50 719.80 388.97 0.358 0.251 0.251 12.982 2.080 -0.971 0.00
blue_cone 0.00 0 0.00 726.48 322.07 756.58 355.75 0.358 0.251 0.251 16.668 2.289 -0.971 0.00
yellow_cone 0.00 0 0.00 1153.53 318.22 1182.09 351.48 0.358 0.251 0.251 16.906 -1.619 -0.971 0.00
yellow_cone 0.00 0 0.00 1077.78 301.43 1102.91 327.12 0.358 0.251 0.251 21.846 -1.180 -0.971 0.00
blue_cone 0.00 0 0.00 744.86 306.65 767.87 329.89 0.358 0.251 0.251 21.420 2.690 -0.971 0.00
blue_cone 0.00 0 0.00 867.36 293.53 885.42 314.85 0.358 0.251 0.251 25.908 1.557 -0.971 0.00
blue_cone 0.00 0 0.00 992.89 285.62 1009.09 303.05 0.358 0.251 0.251 29.622 -0.243 -0.971 0.00
blue_cone 0.00 0 0.00 183.78 304.34 205.45 327.17 0.00 0.00 0.00 0.00 0.00 0.00 0.00
yellow_cone 0.00 0 0.00 1122.03 293.30 1142.19 316.16 0.00 0.00 0.00 0.00 0.00 0.00 0.00
blue_cone 0.00 0 0.00 386.62 286.11 402.21 301.77 0.00 0.00 0.00 0.00 0.00 0.00 0.00
blue_cone 0.00 0 0.00 121.27 314.78 143.46 338.14 0.00 0.00 0.00 0.00 0.00 0.00 0.00
yellow_cone 0.00 0 0.00 1210.03 287.74 1228.61 307.62 0.00 0.00 0.00 0.00 0.00 0.00 0.00
yellow_cone 0.00 0 0.00 310.79 284.36 325.54 301.06 0.00 0.00 0.00 0.00 0.00 0.00 0.00
yellow_cone 0.00 0 0.00 1282.45 273.90 1296.00 288.88 0.00 0.00 0.00 0.00 0.00 0.00 0.00
yellow_cone 0.00 0 0.00 1265.98 282.87 1282.10 301.85 0.00 0.00 0.00 0.00 0.00 0.00 0.00
yellow_cone 0.00 0 0.00 1208.23 272.88 1222.12 287.73 0.00 0.00 0.00 0.00 0.00 0.00 0.00
blue_cone 0.00 0 0.00 1087.75 277.17 1102.78 294.21 0.00 0.00 0.00 0.00 0.00 0.00 0.00
yellow_cone 0.00 0 0.00 101.68 293.13 118.04 312.73 0.00 0.00 0.00 0.00 0.00 0.00 0.00
blue_cone 0.00 0 0.00 958.58 272.44 972.18 287.52 0.00 0.00 0.00 0.00 0.00 0.00 0.00
blue_cone 0.00 0 0.00 1108.22 275.97 1123.27 292.58 0.00 0.00 0.00 0.00 0.00 0.00 0.00