blue_cone 0.00 0 0.00 0.00 0.00 0.00 0.00 0.358 0.251 0.251 13.616 16.225 -0.971 0.00
blue_cone 0.00 0 0.00 0.00 0.00 0.00 0.00 0.358 0.251 0.251 20.783 12.016 -0.971 0.00
blue_cone 0.00 0 0.00 0.00 0.00 0.00 0.00 0.358 0.251 0.251 20.774 16.283 -0.971 0.00
blue_cone 0.00 0 0.00 0.00 0.00 0.00 0.00 0.358 0.251 0.251 4.925 14.852 -0.971 0.00
blue_cone 0.00 0 0.00 0.00 0.00 0.00 0.00 0.358 0.251 0.251 9.567 15.596 -0.971 0.00
blue_cone 0.00 0 0.00 0.00 0.00 0.00 0.00 0.358 0.251 0.251 21.713 14.213 -0.971 0.00
blue_cone 0.00 0 0.00 0.00 0.00 0.00 0.00 0.358 0.251 0.251 17.915 16.821 -0.971 0.00
yellow_cone 0.00 0 0.00 0.00 0.00 0.00 0.00 0.358 0.251 0.251 13.136 19.750 -0.971 0.00
yellow_cone 0.00 0 0.00 0.00 0.00 0.00 0.00 0.358 0.251 0.251 25.637 15.591 -0.971 0.00
yellow_cone 0.00 0 0.00 0.00 0.00 0.00 0.00 0.358 0.251 0.251 18.122 20.286 -0.971 0.00
yellow_cone 0.00 0 0.00 0.00 0.00 0.00 0.00 0.358 0.251 0.251 22.147 19.819 -0.971 0.00
yellow_cone 0.00 0 0.00 0.00 0.00 0.00 0.00 0.358 0.251 0.251 24.440 18.134 -0.971 0.00
yellow_cone 0.00 0 0.00 0.00 0.00 0.00 0.00 0.358 0.251 0.251 0.793 -2.216 -0.971 0.00
yellow_cone 0.00 0 0.00 0.00 0.00 0.00 0.00 0.358 0.251 0.251 8.763 19.106 -0.971 0.00
blue_cone 0.00 0 0.00 395.01 547.93 513.96 682.15 0.358 0.251 0.251 4.230 1.394 -0.971 0.00
yellow_cone 0.00 0 0.00 1522.10 517.63 1618.46 643.43 0.358 0.251 0.251 4.372 -1.400 -0.971 0.00
yellow_cone 0.00 0 0.00 1139.06 378.11 1197.48 446.30 0.358 0.251 0.251 8.581 -0.809 -0.971 0.00
blue_cone 0.00 0 0.00 448.14 403.18 510.73 474.55 0.358 0.251 0.251 8.019 2.362 -0.971 0.00
yellow_cone 0.00 0 0.00 932.22 334.25 971.53 381.11 0.358 0.251 0.251 12.439 0.298 -0.971 0.00
blue_cone 0.00 0 0.00 411.76 355.23 452.84 404.45 0.358 0.251 0.251 11.602 3.662 -0.971 0.00
yellow_cone 0.00 0 0.00 763.73 315.59 796.76 352.55 0.358 0.251 0.251 15.839 1.820 -0.971 0.00
yellow_cone 0.00 0 0.00 494.99 309.92 523.70 342.19 0.358 0.251 0.251 18.615 4.912 -0.971 0.00
blue_cone 0.00 0 0.00 276.61 340.83 307.19 378.63 0.358 0.251 0.251 14.440 5.648 -0.971 0.00
blue_cone 0.00 0 0.00 119.39 331.82 146.18 366.71 0.358 0.251 0.251 16.743 8.037 -0.971 0.00
blue_cone 0.00 0 0.00 12.50 328.90 40.25 357.94 0.358 0.251 0.251 18.955 10.214 -0.971 0.00
yellow_cone 0.00 0 0.00 72.43 307.95 93.63 331.97 0.358 0.251 0.251 25.387 12.774 -0.971 0.00
yellow_cone 0.00 0 0.00 207.20 307.56 229.93 333.15 0.358 0.251 0.251 23.273 9.924 -0.971 0.00
yellow_cone 0.00 0 0.00 331.93 307.40 356.92 334.94 0.358 0.251 0.251 21.228 7.536 -0.971 0.00