blue_cone 0.00 0 0.00 0.00 0.00 0.00 0.00 0.358 0.251 0.251 8.778 14.166 -0.971 0.00
blue_cone 0.00 0 0.00 0.00 0.00 0.00 0.00 0.358 0.251 0.251 19.859 11.784 -0.971 0.00
blue_cone 0.00 0 0.00 0.00 0.00 0.00 0.00 0.358 0.251 0.251 38.771 6.389 -0.971 0.00
blue_cone 0.00 0 0.00 0.00 0.00 0.00 0.00 0.358 0.251 0.251 12.406 14.778 -0.971 0.00
blue_cone 0.00 0 0.00 0.00 0.00 0.00 0.00 0.358 0.251 0.251 33.772 16.203 -0.971 0.00
blue_cone 0.00 0 0.00 0.00 0.00 0.00 0.00 0.358 0.251 0.251 36.447 13.531 -0.971 0.00
blue_cone 0.00 0 0.00 0.00 0.00 0.00 0.00 0.358 0.251 0.251 29.614 -1.963 -0.971 0.00
blue_cone 0.00 0 0.00 0.00 0.00 0.00 0.00 0.358 0.251 0.251 29.771 16.114 -0.971 0.00
blue_cone 0.00 0 0.00 0.00 0.00 0.00 0.00 0.358 0.251 0.251 23.266 12.347 -0.971 0.00
blue_cone 0.00 0 0.00 0.00 0.00 0.00 0.00 0.358 0.251 0.251 26.415 13.873 -0.971 0.00
blue_cone 0.00 0 0.00 0.00 0.00 0.00 0.00 0.358 0.251 0.251 32.983 -2.596 -0.971 0.00
blue_cone 0.00 0 0.00 0.00 0.00 0.00 0.00 0.358 0.251 0.251 9.470 14.837 -0.971 0.00
blue_cone 0.00 0 0.00 0.00 0.00 0.00 0.00 0.358 0.251 0.251 38.112 0.539 -0.971 0.00
blue_cone 0.00 0 0.00 0.00 0.00 0.00 0.00 0.358 0.251 0.251 15.800 13.507 -0.971 0.00
blue_cone 0.00 0 0.00 0.00 0.00 0.00 0.00 0.358 0.251 0.251 37.999 10.238 -0.971 0.00
blue_cone 0.00 0 0.00 0.00 0.00 0.00 0.00 0.358 0.251 0.251 38.750 3.305 -0.971 0.00
blue_cone 0.00 0 0.00 0.00 0.00 0.00 0.00 0.358 0.251 0.251 36.222 -1.777 -0.971 0.00
blue_cone 0.00 0 0.00 0.00 0.00 0.00 0.00 0.358 0.251 0.251 5.974 12.832 -0.971 0.00
yellow_cone 0.00 0 0.00 0.00 0.00 0.00 0.00 0.358 0.251 0.251 35.416 -6.543 -0.971 0.00
yellow_cone 0.00 0 0.00 0.00 0.00 0.00 0.00 0.358 0.251 0.251 39.154 -5.393 -0.971 0.00
yellow_cone 0.00 0 0.00 0.00 0.00 0.00 0.00 0.358 0.251 0.251 5.174 16.517 -0.971 0.00
yellow_cone 0.00 0 0.00 0.00 0.00 0.00 0.00 0.358 0.251 0.251 12.232 18.659 -0.971 0.00
yellow_cone 0.00 0 0.00 0.00 0.00 0.00 0.00 0.358 0.251 0.251 27.582 -5.025 -0.971 0.00
yellow_cone 0.00 0 0.00 0.00 0.00 0.00 0.00 0.358 0.251 0.251 20.261 15.788 -0.971 0.00
yellow_cone 0.00 0 0.00 0.00 0.00 0.00 0.00 0.358 0.251 0.251 16.377 17.098 -0.971 0.00
yellow_cone 0.00 0 0.00 0.00 0.00 0.00 0.00 0.358 0.251 0.251 23.466 16.766 -0.971 0.00
yellow_cone 0.00 0 0.00 0.00 0.00 0.00 0.00 0.358 0.251 0.251 29.773 19.528 -0.971 0.00
yellow_cone 0.00 0 0.00 0.00 0.00 0.00 0.00 0.358 0.251 0.251 31.147 -6.558 -0.971 0.00
yellow_cone 0.00 0 0.00 0.00 0.00 0.00 0.00 0.358 0.251 0.251 26.121 18.070 -0.971 0.00
yellow_cone 0.00 0 0.00 0.00 0.00 0.00 0.00 0.358 0.251 0.251 8.753 18.377 -0.971 0.00
blue_cone 0.00 0 0.00 33.68 638.14 175.79 803.01 0.358 0.251 0.251 3.340 1.857 -0.971 0.00
yellow_cone 0.00 0 0.00 1825.28 596.51 1965.80 753.08 0.358 0.251 0.251 3.527 -1.832 -0.971 0.00
blue_cone 0.00 0 0.00 533.53 404.39 586.74 472.91 0.358 0.251 0.251 8.227 2.019 -0.971 0.00
yellow_cone 0.00 0 0.00 1346.45 396.64 1407.49 466.52 0.358 0.251 0.251 8.164 -1.748 -0.971 0.00
blue_cone 0.00 0 0.00 632.50 352.77 674.29 399.07 0.358 0.251 0.251 11.910 2.251 -0.971 0.00
yellow_cone 0.00 0 0.00 1224.13 344.45 1265.02 391.83 0.358 0.251 0.251 12.173 -1.655 -0.971 0.00
blue_cone 0.00 0 0.00 682.09 321.70 710.93 354.15 0.358 0.251 0.251 16.647 2.761 -0.971 0.00
blue_cone 0.00 0 0.00 841.79 303.03 863.89 328.40 0.358 0.251 0.251 21.155 1.576 -0.971 0.00
blue_cone 0.00 0 0.00 993.60 293.24 1013.22 314.21 0.358 0.251 0.251 24.880 -0.201 -0.971 0.00
yellow_cone 0.00 0 0.00 1104.91 314.22 1135.48 348.03 0.358 0.251 0.251 17.111 -1.186 -0.971 0.00
yellow_cone 0.00 0 0.00 1153.12 300.35 1177.55 330.03 0.358 0.251 0.251 20.875 -2.003 -0.971 0.00
yellow_cone 0.00 0 0.00 1251.32 292.28 1271.34 316.67 0.358 0.251 0.251 24.525 -3.650 -0.971 0.00
yellow_cone 0.00 0 0.00 1362.74 281.60 1379.27 301.26 0.00 0.00 0.00 0.00 0.00 0.00 0.00
blue_cone 0.00 0 0.00 31.42 318.64 57.89 345.90 0.00 0.00 0.00 0.00 0.00 0.00 0.00
yellow_cone 0.00 0 0.00 1311.31 288.55 1330.05 308.55 0.00 0.00 0.00 0.00 0.00 0.00 0.00
yellow_cone 0.00 0 0.00 1230.46 272.75 1245.99 289.02 0.00 0.00 0.00 0.00 0.00 0.00 0.00
blue_cone 0.00 0 0.00 952.73 273.69 967.13 289.28 0.00 0.00 0.00 0.00 0.00 0.00 0.00
blue_cone 0.00 0 0.00 305.77 291.77 322.07 308.36 0.00 0.00 0.00 0.00 0.00 0.00 0.00
blue_cone 0.00 0 0.00 821.97 275.48 835.65 290.68 0.00 0.00 0.00 0.00 0.00 0.00 0.00
blue_cone 0.00 0 0.00 1102.40 284.80 1117.57 301.94 0.00 0.00 0.00 0.00 0.00 0.00 0.00
yellow_cone 0.00 0 0.00 1315.94 273.63 1330.51 288.50 0.00 0.00 0.00 0.00 0.00 0.00 0.00
blue_cone 0.00 0 0.00 11.56 310.20 31.03 329.95 0.00 0.00 0.00 0.00 0.00 0.00 0.00
blue_cone 0.00 0 0.00 672.10 275.10 687.37 291.14 0.00 0.00 0.00 0.00 0.00 0.00 0.00