blue_cone 0.00 0 0.00 0.00 0.00 0.00 0.00 0.358 0.251 0.251 14.240 11.577 -0.971 0.00
blue_cone 0.00 0 0.00 0.00 0.00 0.00 0.00 0.358 0.251 0.251 0.783 1.940 -0.971 0.00
blue_cone 0.00 0 0.00 0.00 0.00 0.00 0.00 0.358 0.251 0.251 20.164 15.010 -0.971 0.00
blue_cone 0.00 0 0.00 0.00 0.00 0.00 0.00 0.358 0.251 0.251 31.285 12.821 -0.971 0.00
blue_cone 0.00 0 0.00 0.00 0.00 0.00 0.00 0.358 0.251 0.251 23.781 15.685 -0.971 0.00
blue_cone 0.00 0 0.00 0.00 0.00 0.00 0.00 0.358 0.251 0.251 8.561 10.250 -0.971 0.00
blue_cone 0.00 0 0.00 0.00 0.00 0.00 0.00 0.358 0.251 0.251 4.855 12.294 -0.971 0.00
blue_cone 0.00 0 0.00 0.00 0.00 0.00 0.00 0.358 0.251 0.251 34.681 13.443 -0.971 0.00
blue_cone 0.00 0 0.00 0.00 0.00 0.00 0.00 0.358 0.251 0.251 28.245 3.664 -0.971 0.00
blue_cone 0.00 0 0.00 0.00 0.00 0.00 0.00 0.358 0.251 0.251 36.514 0.925 -0.971 0.00
blue_cone 0.00 0 0.00 0.00 0.00 0.00 0.00 0.358 0.251 0.251 11.760 10.173 -0.971 0.00
blue_cone 0.00 0 0.00 0.00 0.00 0.00 0.00 0.358 0.251 0.251 20.845 15.693 -0.971 0.00
blue_cone 0.00 0 0.00 0.00 0.00 0.00 0.00 0.358 0.251 0.251 27.197 14.473 -0.971 0.00
blue_cone 0.00 0 0.00 0.00 0.00 0.00 0.00 0.358 0.251 0.251 17.384 13.628 -0.971 0.00
yellow_cone 0.00 0 0.00 0.00 0.00 0.00 0.00 0.358 0.251 0.251 32.541 -0.946 -0.971 0.00
yellow_cone 0.00 0 0.00 0.00 0.00 0.00 0.00 0.358 0.251 0.251 16.520 17.298 -0.971 0.00
yellow_cone 0.00 0 0.00 0.00 0.00 0.00 0.00 0.358 0.251 0.251 23.539 19.562 -0.971 0.00
yellow_cone 0.00 0 0.00 0.00 0.00 0.00 0.00 0.358 0.251 0.251 1.284 -1.691 -0.971 0.00
yellow_cone 0.00 0 0.00 0.00 0.00 0.00 0.00 0.358 0.251 0.251 39.299 -3.851 -0.971 0.00
yellow_cone 0.00 0 0.00 0.00 0.00 0.00 0.00 0.358 0.251 0.251 13.124 14.958 -0.971 0.00
yellow_cone 0.00 0 0.00 0.00 0.00 0.00 0.00 0.358 0.251 0.251 31.618 16.831 -0.971 0.00
yellow_cone 0.00 0 0.00 0.00 0.00 0.00 0.00 0.358 0.251 0.251 27.711 18.074 -0.971 0.00
yellow_cone 0.00 0 0.00 0.00 0.00 0.00 0.00 0.358 0.251 0.251 23.834 -0.750 -0.971 0.00
yellow_cone 0.00 0 0.00 0.00 0.00 0.00 0.00 0.358 0.251 0.251 36.218 -2.529 -0.971 0.00
yellow_cone 0.00 0 0.00 0.00 0.00 0.00 0.00 0.358 0.251 0.251 10.971 13.623 -0.971 0.00
yellow_cone 0.00 0 0.00 0.00 0.00 0.00 0.00 0.358 0.251 0.251 34.805 17.865 -0.971 0.00
yellow_cone 0.00 0 0.00 0.00 0.00 0.00 0.00 0.358 0.251 0.251 8.735 14.246 -0.971 0.00
yellow_cone 0.00 0 0.00 0.00 0.00 0.00 0.00 0.358 0.251 0.251 6.405 15.545 -0.971 0.00
yellow_cone 0.00 0 0.00 0.00 0.00 0.00 0.00 0.358 0.251 0.251 20.066 19.220 -0.971 0.00
blue_cone 0.00 0 0.00 284.78 482.16 368.59 583.57 0.358 0.251 0.251 5.589 2.177 -0.971 0.00
blue_cone 0.00 0 0.00 554.60 369.70 600.75 422.33 0.358 0.251 0.251 10.387 2.418 -0.971 0.00
blue_cone 0.00 0 0.00 663.12 328.69 696.24 365.19 0.358 0.251 0.251 14.941 2.608 -0.971 0.00
blue_cone 0.00 0 0.00 715.11 306.36 739.18 333.03 0.358 0.251 0.251 19.824 2.855 -0.971 0.00
blue_cone 0.00 0 0.00 742.76 285.60 758.49 303.57 0.358 0.251 0.251 23.504 3.151 -0.971 0.00
blue_cone 0.00 0 0.00 833.65 277.57 847.13 294.25 0.358 0.251 0.251 32.758 2.637 -0.971 0.00
yellow_cone 0.00 0 0.00 1191.32 353.79 1236.36 405.04 0.358 0.251 0.251 11.018 -1.278 -0.971 0.00
yellow_cone 0.00 0 0.00 1403.05 452.00 1476.27 548.20 0.358 0.251 0.251 5.955 -1.436 -0.971 0.00
yellow_cone 0.00 0 0.00 1108.94 322.17 1141.49 358.97 0.358 0.251 0.251 15.230 -1.116 -0.971 0.00
yellow_cone 0.00 0 0.00 1060.12 301.21 1086.92 330.01 0.358 0.251 0.251 19.827 -0.912 -0.971 0.00
yellow_cone 0.00 0 0.00 995.92 282.32 1012.27 301.80 0.358 0.251 0.251 28.763 -0.195 -0.971 0.00
blue_cone 0.00 0 0.00 28.70 305.90 49.01 328.81 0.00 0.00 0.00 0.00 0.00 0.00 0.00
yellow_cone 0.00 0 0.00 1209.03 267.52 1222.30 282.44 0.00 0.00 0.00 0.00 0.00 0.00 0.00
blue_cone 0.00 0 0.00 240.31 293.58 256.68 311.96 0.00 0.00 0.00 0.00 0.00 0.00 0.00
yellow_cone 0.00 0 0.00 60.44 293.30 79.50 313.34 0.00 0.00 0.00 0.00 0.00 0.00 0.00
blue_cone 0.00 0 0.00 260.92 288.07 275.51 304.85 0.00 0.00 0.00 0.00 0.00 0.00 0.00
blue_cone 0.00 0 0.00 414.33 273.34 428.95 288.26 0.00 0.00 0.00 0.00 0.00 0.00 0.00
yellow_cone 0.00 0 0.00 170.73 280.19 185.63 297.11 0.00 0.00 0.00 0.00 0.00 0.00 0.00
yellow_cone 0.00 0 0.00 1162.99 269.85 1175.62 285.65 0.00 0.00 0.00 0.00 0.00 0.00 0.00
blue_cone 0.00 0 0.00 278.91 287.06 295.67 306.27 0.00 0.00 0.00 0.00 0.00 0.00 0.00
yellow_cone 0.00 0 0.00 1111.37 272.80 1125.45 288.99 0.00 0.00 0.00 0.00 0.00 0.00 0.00
yellow_cone 0.00 0 0.00 74.91 285.64 91.64 304.84 0.00 0.00 0.00 0.00 0.00 0.00 0.00