blue_cone 0.00 0 0.00 0.00 0.00 0.00 0.00 0.358 0.251 0.251 11.996 21.027 -0.971 0.00
blue_cone 0.00 0 0.00 0.00 0.00 0.00 0.00 0.358 0.251 0.251 20.145 19.392 -0.971 0.00
blue_cone 0.00 0 0.00 0.00 0.00 0.00 0.00 0.358 0.251 0.251 19.007 17.091 -0.971 0.00
blue_cone 0.00 0 0.00 0.00 0.00 0.00 0.00 0.358 0.251 0.251 14.201 8.495 -0.971 0.00
blue_cone 0.00 0 0.00 0.00 0.00 0.00 0.00 0.358 0.251 0.251 18.741 23.422 -0.971 0.00
blue_cone 0.00 0 0.00 0.00 0.00 0.00 0.00 0.358 0.251 0.251 8.375 19.108 -0.971 0.00
blue_cone 0.00 0 0.00 0.00 0.00 0.00 0.00 0.358 0.251 0.251 17.628 14.310 -0.971 0.00
blue_cone 0.00 0 0.00 0.00 0.00 0.00 0.00 0.358 0.251 0.251 20.305 21.772 -0.971 0.00
blue_cone 0.00 0 0.00 0.00 0.00 0.00 0.00 0.358 0.251 0.251 15.864 22.995 -0.971 0.00
blue_cone 0.00 0 0.00 0.00 0.00 0.00 0.00 0.358 0.251 0.251 16.233 11.300 -0.971 0.00
yellow_cone 0.00 0 0.00 0.00 0.00 0.00 0.00 0.358 0.251 0.251 10.390 24.201 -0.971 0.00
yellow_cone 0.00 0 0.00 0.00 0.00 0.00 0.00 0.358 0.251 0.251 23.563 24.358 -0.971 0.00
yellow_cone 0.00 0 0.00 0.00 0.00 0.00 0.00 0.358 0.251 0.251 14.926 26.338 -0.971 0.00
yellow_cone 0.00 0 0.00 0.00 0.00 0.00 0.00 0.358 0.251 0.251 22.031 15.304 -0.971 0.00
yellow_cone 0.00 0 0.00 0.00 0.00 0.00 0.00 0.358 0.251 0.251 2.848 -1.976 -0.971 0.00
yellow_cone 0.00 0 0.00 0.00 0.00 0.00 0.00 0.358 0.251 0.251 18.882 27.212 -0.971 0.00
yellow_cone 0.00 0 0.00 0.00 0.00 0.00 0.00 0.358 0.251 0.251 24.248 21.613 -0.971 0.00
yellow_cone 0.00 0 0.00 0.00 0.00 0.00 0.00 0.358 0.251 0.251 20.419 11.969 -0.971 0.00
yellow_cone 0.00 0 0.00 0.00 0.00 0.00 0.00 0.358 0.251 0.251 21.601 26.369 -0.971 0.00
yellow_cone 0.00 0 0.00 0.00 0.00 0.00 0.00 0.358 0.251 0.251 23.182 18.230 -0.971 0.00
yellow_cone 0.00 0 0.00 0.00 0.00 0.00 0.00 0.358 0.251 0.251 6.468 22.162 -0.971 0.00
blue_cone 0.00 0 0.00 116.09 538.35 228.37 661.53 0.358 0.251 0.251 4.548 2.328 -0.971 0.00
blue_cone 0.00 0 0.00 112.72 422.20 177.66 492.37 0.358 0.251 0.251 7.975 3.942 -0.971 0.00
blue_cone 0.00 0 0.00 18.57 376.31 65.66 425.40 0.358 0.251 0.251 11.239 6.095 -0.971 0.00
yellow_cone 0.00 0 0.00 1186.63 446.45 1267.11 541.28 0.358 0.251 0.251 5.907 -0.594 -0.971 0.00
yellow_cone 0.00 0 0.00 716.03 381.10 771.09 443.96 0.358 0.251 0.251 9.023 1.348 -0.971 0.00
yellow_cone 0.00 0 0.00 514.32 341.44 553.25 387.23 0.358 0.251 0.251 12.807 3.282 -0.971 0.00
yellow_cone 0.00 0 0.00 349.00 326.79 380.27 363.23 0.358 0.251 0.251 16.091 5.590 -0.971 0.00
yellow_cone 0.00 0 0.00 193.88 320.89 222.56 351.67 0.358 0.251 0.251 18.807 8.140 -0.971 0.00