blue_cone 0.00 0 0.00 0.00 0.00 0.00 0.00 0.358 0.251 0.251 6.172 10.643 -0.971 0.00
blue_cone 0.00 0 0.00 0.00 0.00 0.00 0.00 0.358 0.251 0.251 5.879 4.763 -0.971 0.00
blue_cone 0.00 0 0.00 0.00 0.00 0.00 0.00 0.358 0.251 0.251 5.161 14.436 -0.971 0.00
blue_cone 0.00 0 0.00 0.00 0.00 0.00 0.00 0.358 0.251 0.251 6.342 7.563 -0.971 0.00
yellow_cone 0.00 0 0.00 0.00 0.00 0.00 0.00 0.358 0.251 0.251 3.629 -2.473 -0.971 0.00
yellow_cone 0.00 0 0.00 0.00 0.00 0.00 0.00 0.358 0.251 0.251 9.848 11.764 -0.971 0.00
yellow_cone 0.00 0 0.00 0.00 0.00 0.00 0.00 0.358 0.251 0.251 10.281 7.722 -0.971 0.00
yellow_cone 0.00 0 0.00 0.00 0.00 0.00 0.00 0.358 0.251 0.251 5.825 20.508 -0.971 0.00
yellow_cone 0.00 0 0.00 0.00 0.00 0.00 0.00 0.358 0.251 0.251 8.647 16.422 -0.971 0.00
blue_cone 0.00 0 0.00 0.00 575.33 79.99 712.77 0.358 0.251 0.251 4.137 2.334 -0.971 0.00
yellow_cone 0.00 0 0.00 1206.13 419.44 1278.14 498.44 0.358 0.251 0.251 7.310 -0.908 -0.971 0.00
yellow_cone 0.00 0 0.00 591.26 395.07 646.67 459.67 0.358 0.251 0.251 8.930 1.783 -0.971 0.00
yellow_cone 0.00 0 0.00 220.13 394.51 267.91 446.08 0.358 0.251 0.251 10.311 4.345 -0.971 0.00
yellow_cone 0.00 0 0.00 2010.66 558.98 2048.00 737.47 0.00 0.00 0.00 0.00 0.00 0.00 0.00