blue_cone 0.00 0 0.00 0.00 0.00 0.00 0.00 0.358 0.251 0.251 7.553 10.201 -0.971 0.00
blue_cone 0.00 0 0.00 0.00 0.00 0.00 0.00 0.358 0.251 0.251 3.926 12.109 -0.971 0.00
blue_cone 0.00 0 0.00 0.00 0.00 0.00 0.00 0.358 0.251 0.251 11.360 8.117 -0.971 0.00
blue_cone 0.00 0 0.00 0.00 0.00 0.00 0.00 0.358 0.251 0.251 1.909 1.217 -0.971 0.00
yellow_cone 0.00 0 0.00 0.00 0.00 0.00 0.00 0.358 0.251 0.251 9.268 13.317 -0.971 0.00
yellow_cone 0.00 0 0.00 0.00 0.00 0.00 0.00 0.358 0.251 0.251 13.591 10.776 -0.971 0.00
yellow_cone 0.00 0 0.00 0.00 0.00 0.00 0.00 0.358 0.251 0.251 5.373 15.407 -0.971 0.00
yellow_cone 0.00 0 0.00 0.00 0.00 0.00 0.00 0.358 0.251 0.251 0.751 -2.691 -0.971 0.00
blue_cone 0.00 0 0.00 0.00 877.32 185.34 1168.91 0.358 0.251 0.251 5.182 1.762 -0.971 0.00
yellow_cone 0.00 0 0.00 1614.39 489.50 1721.02 606.80 0.358 0.251 0.251 4.823 -1.863 -0.971 0.00
blue_cone 0.00 0 0.00 363.58 489.63 466.93 600.61 0.358 0.251 0.251 8.256 2.192 -0.971 0.00
yellow_cone 0.00 0 0.00 1238.71 379.94 1301.31 449.04 0.358 0.251 0.251 8.485 -1.314 -0.971 0.00
yellow_cone 0.00 0 0.00 97.67 330.82 127.22 363.26 0.358 0.251 0.251 16.544 8.002 -0.971 0.00
blue_cone 0.00 0 0.00 168.98 348.78 206.78 391.33 0.358 0.251 0.251 13.334 5.981 -0.971 0.00
yellow_cone 0.00 0 0.00 420.67 317.73 447.05 347.98 0.358 0.251 0.251 17.381 5.281 -0.971 0.00
yellow_cone 0.00 0 0.00 694.40 315.00 723.96 347.19 0.358 0.251 0.251 16.826 2.526 -0.971 0.00
yellow_cone 0.00 0 0.00 917.07 319.14 951.95 358.35 0.358 0.251 0.251 14.946 0.413 -0.971 0.00
blue_cone 0.00 0 0.00 493.82 398.41 555.51 468.45 0.358 0.251 0.251 12.854 3.759 -0.971 0.00
blue_cone 0.00 0 0.00 543.41 362.00 589.37 414.64 0.358 0.251 0.251 10.798 2.549 -0.971 0.00
yellow_cone 0.00 0 0.00 1063.15 344.05 1109.00 394.66 0.358 0.251 0.251 11.551 -0.615 -0.971 0.00
blue_cone 0.00 0 0.00 446.38 344.53 483.95 388.03 0.00 0.00 0.00 0.00 0.00 0.00 0.00