blue_cone 0.00 0 0.00 0.00 0.00 0.00 0.00 0.358 0.251 0.251 14.241 11.585 -0.971 0.00
blue_cone 0.00 0 0.00 0.00 0.00 0.00 0.00 0.358 0.251 0.251 0.785 1.947 -0.971 0.00
blue_cone 0.00 0 0.00 0.00 0.00 0.00 0.00 0.358 0.251 0.251 20.165 15.019 -0.971 0.00
blue_cone 0.00 0 0.00 0.00 0.00 0.00 0.00 0.358 0.251 0.251 31.286 12.831 -0.971 0.00
blue_cone 0.00 0 0.00 0.00 0.00 0.00 0.00 0.358 0.251 0.251 23.782 15.694 -0.971 0.00
blue_cone 0.00 0 0.00 0.00 0.00 0.00 0.00 0.358 0.251 0.251 8.562 10.257 -0.971 0.00
blue_cone 0.00 0 0.00 0.00 0.00 0.00 0.00 0.358 0.251 0.251 4.857 12.301 -0.971 0.00
blue_cone 0.00 0 0.00 0.00 0.00 0.00 0.00 0.358 0.251 0.251 34.682 13.453 -0.971 0.00
blue_cone 0.00 0 0.00 0.00 0.00 0.00 0.00 0.358 0.251 0.251 36.516 0.935 -0.971 0.00
blue_cone 0.00 0 0.00 0.00 0.00 0.00 0.00 0.358 0.251 0.251 11.762 10.181 -0.971 0.00
blue_cone 0.00 0 0.00 0.00 0.00 0.00 0.00 0.358 0.251 0.251 23.506 3.160 -0.971 0.00
blue_cone 0.00 0 0.00 0.00 0.00 0.00 0.00 0.358 0.251 0.251 20.845 15.701 -0.971 0.00
blue_cone 0.00 0 0.00 0.00 0.00 0.00 0.00 0.358 0.251 0.251 27.198 14.482 -0.971 0.00
blue_cone 0.00 0 0.00 0.00 0.00 0.00 0.00 0.358 0.251 0.251 17.385 13.636 -0.971 0.00
yellow_cone 0.00 0 0.00 0.00 0.00 0.00 0.00 0.358 0.251 0.251 32.543 -0.936 -0.971 0.00
yellow_cone 0.00 0 0.00 0.00 0.00 0.00 0.00 0.358 0.251 0.251 16.521 17.306 -0.971 0.00
yellow_cone 0.00 0 0.00 0.00 0.00 0.00 0.00 0.358 0.251 0.251 23.540 19.571 -0.971 0.00
yellow_cone 0.00 0 0.00 0.00 0.00 0.00 0.00 0.358 0.251 0.251 1.287 -1.684 -0.971 0.00
yellow_cone 0.00 0 0.00 0.00 0.00 0.00 0.00 0.358 0.251 0.251 39.302 -3.841 -0.971 0.00
yellow_cone 0.00 0 0.00 0.00 0.00 0.00 0.00 0.358 0.251 0.251 13.125 14.965 -0.971 0.00
yellow_cone 0.00 0 0.00 0.00 0.00 0.00 0.00 0.358 0.251 0.251 31.618 16.840 -0.971 0.00
yellow_cone 0.00 0 0.00 0.00 0.00 0.00 0.00 0.358 0.251 0.251 27.712 18.083 -0.971 0.00
yellow_cone 0.00 0 0.00 0.00 0.00 0.00 0.00 0.358 0.251 0.251 23.837 -0.741 -0.971 0.00
yellow_cone 0.00 0 0.00 0.00 0.00 0.00 0.00 0.358 0.251 0.251 36.221 -2.519 -0.971 0.00
yellow_cone 0.00 0 0.00 0.00 0.00 0.00 0.00 0.358 0.251 0.251 10.972 13.631 -0.971 0.00
yellow_cone 0.00 0 0.00 0.00 0.00 0.00 0.00 0.358 0.251 0.251 34.806 17.875 -0.971 0.00
yellow_cone 0.00 0 0.00 0.00 0.00 0.00 0.00 0.358 0.251 0.251 8.736 14.253 -0.971 0.00
yellow_cone 0.00 0 0.00 0.00 0.00 0.00 0.00 0.358 0.251 0.251 6.405 15.553 -0.971 0.00
yellow_cone 0.00 0 0.00 0.00 0.00 0.00 0.00 0.358 0.251 0.251 20.067 19.229 -0.971 0.00
yellow_cone 0.00 0 0.00 1402.80 451.98 1476.29 548.34 0.358 0.251 0.251 5.957 -1.429 -0.971 0.00
blue_cone 0.00 0 0.00 284.55 482.38 368.88 583.60 0.358 0.251 0.251 5.591 2.184 -0.971 0.00
blue_cone 0.00 0 0.00 554.17 369.93 600.97 422.54 0.358 0.251 0.251 10.389 2.426 -0.971 0.00
yellow_cone 0.00 0 0.00 1191.24 353.69 1236.34 405.07 0.358 0.251 0.251 11.020 -1.270 -0.971 0.00
yellow_cone 0.00 0 0.00 1108.94 322.20 1141.60 359.01 0.358 0.251 0.251 15.195 -1.069 -0.971 0.00
blue_cone 0.00 0 0.00 663.13 328.76 696.34 365.31 0.358 0.251 0.251 14.943 2.616 -0.971 0.00
blue_cone 0.00 0 0.00 715.18 306.39 739.27 333.06 0.358 0.251 0.251 19.826 2.863 -0.971 0.00
blue_cone 0.00 0 0.00 742.68 285.63 758.53 303.58 0.358 0.251 0.251 28.247 3.673 -0.971 0.00
blue_cone 0.00 0 0.00 833.85 277.44 847.46 294.29 0.358 0.251 0.251 32.760 2.647 -0.971 0.00
yellow_cone 0.00 0 0.00 995.74 282.31 1012.34 301.95 0.358 0.251 0.251 28.765 -0.185 -0.971 0.00
yellow_cone 0.00 0 0.00 1060.01 301.26 1086.97 330.47 0.358 0.251 0.251 19.829 -0.904 -0.971 0.00
blue_cone 0.00 0 0.00 28.93 306.01 49.02 328.75 0.00 0.00 0.00 0.00 0.00 0.00 0.00
yellow_cone 0.00 0 0.00 1208.89 267.57 1222.32 282.43 0.00 0.00 0.00 0.00 0.00 0.00 0.00
blue_cone 0.00 0 0.00 240.50 293.69 256.81 311.98 0.00 0.00 0.00 0.00 0.00 0.00 0.00
yellow_cone 0.00 0 0.00 60.42 293.21 79.50 313.22 0.00 0.00 0.00 0.00 0.00 0.00 0.00
blue_cone 0.00 0 0.00 261.07 288.19 275.31 304.71 0.00 0.00 0.00 0.00 0.00 0.00 0.00
yellow_cone 0.00 0 0.00 170.76 280.03 185.58 296.98 0.00 0.00 0.00 0.00 0.00 0.00 0.00
blue_cone 0.00 0 0.00 414.51 273.37 429.01 288.32 0.00 0.00 0.00 0.00 0.00 0.00 0.00
yellow_cone 0.00 0 0.00 1162.95 269.94 1175.70 285.71 0.00 0.00 0.00 0.00 0.00 0.00 0.00
blue_cone 0.00 0 0.00 279.27 287.17 295.73 306.17 0.00 0.00 0.00 0.00 0.00 0.00 0.00
yellow_cone 0.00 0 0.00 1111.39 272.89 1125.62 289.10 0.00 0.00 0.00 0.00 0.00 0.00 0.00
yellow_cone 0.00 0 0.00 74.87 285.64 91.62 305.00 0.00 0.00 0.00 0.00 0.00 0.00 0.00