blue_cone 0.00 0 0.00 0.00 0.00 0.00 0.00 0.358 0.251 0.251 10.698 14.556 -0.971 0.00
blue_cone 0.00 0 0.00 0.00 0.00 0.00 0.00 0.358 0.251 0.251 17.799 13.657 -0.971 0.00
blue_cone 0.00 0 0.00 0.00 0.00 0.00 0.00 0.358 0.251 0.251 6.601 14.473 -0.971 0.00
blue_cone 0.00 0 0.00 0.00 0.00 0.00 0.00 0.358 0.251 0.251 18.453 11.480 -0.971 0.00
blue_cone 0.00 0 0.00 0.00 0.00 0.00 0.00 0.358 0.251 0.251 15.038 14.572 -0.971 0.00
yellow_cone 0.00 0 0.00 0.00 0.00 0.00 0.00 0.358 0.251 0.251 10.693 18.114 -0.971 0.00
yellow_cone 0.00 0 0.00 0.00 0.00 0.00 0.00 0.358 0.251 0.251 15.706 17.979 -0.971 0.00
yellow_cone 0.00 0 0.00 0.00 0.00 0.00 0.00 0.358 0.251 0.251 19.632 16.978 -0.971 0.00
yellow_cone 0.00 0 0.00 0.00 0.00 0.00 0.00 0.358 0.251 0.251 21.680 15.001 -0.971 0.00
yellow_cone 0.00 0 0.00 0.00 0.00 0.00 0.00 0.358 0.251 0.251 6.273 18.059 -0.971 0.00
blue_cone 0.00 0 0.00 191.80 636.40 349.03 808.25 0.358 0.251 0.251 3.299 1.564 -0.971 0.00
yellow_cone 0.00 0 0.00 1767.80 601.97 1904.28 762.72 0.358 0.251 0.251 3.432 -1.653 -0.971 0.00
yellow_cone 0.00 0 0.00 1237.69 421.34 1303.20 498.56 0.358 0.251 0.251 7.403 -1.071 -0.971 0.00
blue_cone 0.00 0 0.00 390.50 442.93 459.45 523.00 0.358 0.251 0.251 7.024 2.374 -0.971 0.00
blue_cone 0.00 0 0.00 284.84 394.57 336.66 450.21 0.358 0.251 0.251 10.101 3.964 -0.971 0.00
yellow_cone 0.00 0 0.00 976.38 366.54 1025.01 419.40 0.358 0.251 0.251 11.020 -0.241 -0.971 0.00
yellow_cone 0.00 0 0.00 630.89 344.75 668.71 387.04 0.358 0.251 0.251 14.141 2.676 -0.971 0.00
yellow_cone 0.00 0 0.00 451.23 335.26 482.90 370.20 0.358 0.251 0.251 17.081 4.928 -0.971 0.00
blue_cone 0.00 0 0.00 135.47 372.34 174.43 415.81 0.358 0.251 0.251 12.702 6.023 -0.971 0.00
yellow_cone 0.00 0 0.00 322.38 332.71 349.77 362.36 0.358 0.251 0.251 19.427 7.022 -0.971 0.00
blue_cone 0.00 0 0.00 50.78 360.39 86.96 396.06 0.358 0.251 0.251 15.230 7.971 -0.971 0.00
blue_cone 0.00 0 0.00 3.03 354.55 32.97 383.58 0.358 0.251 0.251 17.238 9.427 -0.971 0.00
yellow_cone 0.00 0 0.00 188.68 329.16 213.77 355.86 0.358 0.251 0.251 21.902 9.563 -0.971 0.00
yellow_cone 0.00 0 0.00 0.53 333.16 19.89 359.83 0.358 0.251 0.251 22.400 12.515 -0.971 0.00