blue_cone 0.00 0 0.00 0.00 0.00 0.00 0.00 0.358 0.251 0.251 5.653 11.113 -0.971 0.00
blue_cone 0.00 0 0.00 0.00 0.00 0.00 0.00 0.358 0.251 0.251 24.545 5.646 -0.971 0.00
blue_cone 0.00 0 0.00 0.00 0.00 0.00 0.00 0.358 0.251 0.251 19.583 15.479 -0.971 0.00
blue_cone 0.00 0 0.00 0.00 0.00 0.00 0.00 0.358 0.251 0.251 22.249 12.797 -0.971 0.00
blue_cone 0.00 0 0.00 0.00 0.00 0.00 0.00 0.358 0.251 0.251 15.582 15.405 -0.971 0.00
blue_cone 0.00 0 0.00 0.00 0.00 0.00 0.00 0.358 0.251 0.251 9.062 11.663 -0.971 0.00
blue_cone 0.00 0 0.00 0.00 0.00 0.00 0.00 0.358 0.251 0.251 2.420 2.023 -0.971 0.00
blue_cone 0.00 0 0.00 0.00 0.00 0.00 0.00 0.358 0.251 0.251 12.217 13.177 -0.971 0.00
blue_cone 0.00 0 0.00 0.00 0.00 0.00 0.00 0.358 0.251 0.251 23.788 9.498 -0.971 0.00
blue_cone 0.00 0 0.00 0.00 0.00 0.00 0.00 0.358 0.251 0.251 24.512 2.562 -0.971 0.00
yellow_cone 0.00 0 0.00 0.00 0.00 0.00 0.00 0.358 0.251 0.251 6.071 15.115 -0.971 0.00
yellow_cone 0.00 0 0.00 0.00 0.00 0.00 0.00 0.358 0.251 0.251 28.288 6.522 -0.971 0.00
yellow_cone 0.00 0 0.00 0.00 0.00 0.00 0.00 0.358 0.251 0.251 9.280 16.081 -0.971 0.00
yellow_cone 0.00 0 0.00 0.00 0.00 0.00 0.00 0.358 0.251 0.251 15.597 18.819 -0.971 0.00
yellow_cone 0.00 0 0.00 0.00 0.00 0.00 0.00 0.358 0.251 0.251 28.452 2.459 -0.971 0.00
yellow_cone 0.00 0 0.00 0.00 0.00 0.00 0.00 0.358 0.251 0.251 2.856 -1.846 -0.971 0.00
yellow_cone 0.00 0 0.00 0.00 0.00 0.00 0.00 0.358 0.251 0.251 11.940 17.375 -0.971 0.00
yellow_cone 0.00 0 0.00 0.00 0.00 0.00 0.00 0.358 0.251 0.251 20.954 18.827 -0.971 0.00
yellow_cone 0.00 0 0.00 0.00 0.00 0.00 0.00 0.358 0.251 0.251 24.852 15.512 -0.971 0.00
yellow_cone 0.00 0 0.00 0.00 0.00 0.00 0.00 0.358 0.251 0.251 27.398 11.249 -0.971 0.00
blue_cone 0.00 0 0.00 718.32 434.38 787.84 514.75 0.358 0.251 0.251 6.911 0.900 -0.971 0.00
yellow_cone 0.00 0 0.00 1659.14 438.32 1728.87 524.37 0.358 0.251 0.251 6.617 -2.677 -0.971 0.00
blue_cone 0.00 0 0.00 1113.27 361.64 1158.21 415.92 0.358 0.251 0.251 10.628 -0.891 -0.971 0.00
yellow_cone 0.00 0 0.00 1704.89 373.50 1752.16 426.01 0.358 0.251 0.251 10.260 -4.338 -0.971 0.00
yellow_cone 0.00 0 0.00 1724.84 347.25 1761.61 385.73 0.358 0.251 0.251 13.312 -5.726 -0.971 0.00
blue_cone 0.00 0 0.00 1281.78 332.11 1311.29 361.92 0.358 0.251 0.251 15.356 -2.671 -0.971 0.00
yellow_cone 0.00 0 0.00 1728.58 322.49 1761.31 357.52 0.358 0.251 0.251 16.898 -7.119 -0.971 0.00
blue_cone 0.00 0 0.00 1288.87 310.14 1311.11 338.19 0.358 0.251 0.251 18.690 -3.159 -0.971 0.00
yellow_cone 0.00 0 0.00 1583.17 305.23 1608.93 333.83 0.358 0.251 0.251 21.108 -7.077 -0.971 0.00
blue_cone 0.00 0 0.00 1175.10 298.51 1197.44 324.80 0.358 0.251 0.251 22.025 -2.409 -0.971 0.00
yellow_cone 0.00 0 0.00 1413.66 294.58 1434.33 317.38 0.358 0.251 0.251 24.985 -5.910 -0.971 0.00
yellow_cone 0.00 0 0.00 1198.26 287.49 1218.86 309.72 0.358 0.251 0.251 26.777 -3.076 -0.971 0.00
yellow_cone 0.00 0 0.00 1035.32 285.13 1054.32 305.89 0.358 0.251 0.251 28.153 -0.824 -0.971 0.00
blue_cone 0.00 0 0.00 981.40 295.57 1001.61 317.69 0.358 0.251 0.251 23.734 0.051 -0.971 0.00
yellow_cone 0.00 0 0.00 1967.90 692.51 2048.00 860.13 0.00 0.00 0.00 0.00 0.00 0.00 0.00
blue_cone 0.00 0 0.00 774.36 297.31 793.55 318.84 0.00 0.00 0.00 0.00 0.00 0.00 0.00
yellow_cone 0.00 0 0.00 225.49 308.66 246.43 331.46 0.00 0.00 0.00 0.00 0.00 0.00 0.00
blue_cone 0.00 0 0.00 547.14 301.74 567.40 324.14 0.00 0.00 0.00 0.00 0.00 0.00 0.00
yellow_cone 0.00 0 0.00 546.40 293.66 562.40 311.87 0.00 0.00 0.00 0.00 0.00 0.00 0.00