blue_cone 0.00 0 0.00 0.00 0.00 0.00 0.00 0.358 0.251 0.251 3.453 9.728 -0.971 0.00
blue_cone 0.00 0 0.00 0.00 0.00 0.00 0.00 0.358 0.251 0.251 8.865 5.044 -0.971 0.00
blue_cone 0.00 0 0.00 0.00 0.00 0.00 0.00 0.358 0.251 0.251 7.075 7.336 -0.971 0.00
yellow_cone 0.00 0 0.00 0.00 0.00 0.00 0.00 0.358 0.251 0.251 5.421 12.692 -0.971 0.00
yellow_cone 0.00 0 0.00 0.00 0.00 0.00 0.00 0.358 0.251 0.251 9.518 9.802 -0.971 0.00
yellow_cone 0.00 0 0.00 0.00 0.00 0.00 0.00 0.358 0.251 0.251 12.231 6.792 -0.971 0.00
blue_cone 0.00 0 0.00 127.81 625.76 271.89 790.50 0.358 0.251 0.251 3.491 1.688 -0.971 0.00
yellow_cone 0.00 0 0.00 1785.46 598.95 1938.58 759.32 0.358 0.251 0.251 3.429 -1.824 -0.971 0.00
blue_cone 0.00 0 0.00 419.04 475.29 496.52 569.71 0.358 0.251 0.251 6.054 1.834 -0.971 0.00
blue_cone 0.00 0 0.00 339.87 420.73 395.05 488.49 0.358 0.251 0.251 8.203 2.870 -0.971 0.00
yellow_cone 0.00 0 0.00 1316.75 443.41 1398.05 529.93 0.358 0.251 0.251 6.542 -1.381 -0.971 0.00
yellow_cone 0.00 0 0.00 1063.26 377.48 1115.76 433.38 0.358 0.251 0.251 10.103 -0.491 -0.971 0.00
yellow_cone 0.00 0 0.00 753.77 359.61 796.30 406.02 0.358 0.251 0.251 12.059 1.312 -0.971 0.00
yellow_cone 0.00 0 0.00 391.52 360.73 431.81 405.25 0.358 0.251 0.251 12.841 4.012 -0.971 0.00