blue_cone 0.00 0 0.00 0.00 0.00 0.00 0.00 0.358 0.251 0.251 11.346 24.061 -0.971 0.00
blue_cone 0.00 0 0.00 0.00 0.00 0.00 0.00 0.358 0.251 0.251 19.648 24.461 -0.971 0.00
blue_cone 0.00 0 0.00 0.00 0.00 0.00 0.00 0.358 0.251 0.251 19.105 21.952 -0.971 0.00
blue_cone 0.00 0 0.00 0.00 0.00 0.00 0.00 0.358 0.251 0.251 16.537 12.444 -0.971 0.00
blue_cone 0.00 0 0.00 0.00 0.00 0.00 0.00 0.358 0.251 0.251 1.398 1.799 -0.971 0.00
blue_cone 0.00 0 0.00 0.00 0.00 0.00 0.00 0.358 0.251 0.251 17.304 28.027 -0.971 0.00
blue_cone 0.00 0 0.00 0.00 0.00 0.00 0.00 0.358 0.251 0.251 14.250 9.395 -0.971 0.00
blue_cone 0.00 0 0.00 0.00 0.00 0.00 0.00 0.358 0.251 0.251 8.302 21.317 -0.971 0.00
blue_cone 0.00 0 0.00 0.00 0.00 0.00 0.00 0.358 0.251 0.251 18.445 18.919 -0.971 0.00
blue_cone 0.00 0 0.00 0.00 0.00 0.00 0.00 0.358 0.251 0.251 19.223 26.808 -0.971 0.00
blue_cone 0.00 0 0.00 0.00 0.00 0.00 0.00 0.358 0.251 0.251 14.618 26.913 -0.971 0.00
blue_cone 0.00 0 0.00 0.00 0.00 0.00 0.00 0.358 0.251 0.251 17.825 15.660 -0.971 0.00
yellow_cone 0.00 0 0.00 0.00 0.00 0.00 0.00 0.358 0.251 0.251 9.015 26.748 -0.971 0.00
yellow_cone 0.00 0 0.00 0.00 0.00 0.00 0.00 0.358 0.251 0.251 21.753 30.110 -0.971 0.00
yellow_cone 0.00 0 0.00 0.00 0.00 0.00 0.00 0.358 0.251 0.251 12.894 29.926 -0.971 0.00
yellow_cone 0.00 0 0.00 0.00 0.00 0.00 0.00 0.358 0.251 0.251 22.473 20.956 -0.971 0.00
yellow_cone 0.00 0 0.00 0.00 0.00 0.00 0.00 0.358 0.251 0.251 16.518 31.738 -0.971 0.00
yellow_cone 0.00 0 0.00 0.00 0.00 0.00 0.00 0.358 0.251 0.251 23.086 27.615 -0.971 0.00
yellow_cone 0.00 0 0.00 0.00 0.00 0.00 0.00 0.358 0.251 0.251 21.723 17.329 -0.971 0.00
yellow_cone 0.00 0 0.00 0.00 0.00 0.00 0.00 0.358 0.251 0.251 2.172 -1.718 -0.971 0.00
yellow_cone 0.00 0 0.00 0.00 0.00 0.00 0.00 0.358 0.251 0.251 19.360 31.583 -0.971 0.00
yellow_cone 0.00 0 0.00 0.00 0.00 0.00 0.00 0.358 0.251 0.251 22.877 24.074 -0.971 0.00
yellow_cone 0.00 0 0.00 0.00 0.00 0.00 0.00 0.358 0.251 0.251 21.091 13.222 -0.971 0.00
blue_cone 0.00 0 0.00 203.56 500.02 287.36 600.68 0.358 0.251 0.251 5.517 2.421 -0.971 0.00
blue_cone 0.00 0 0.00 137.18 418.44 196.59 481.86 0.358 0.251 0.251 8.678 4.111 -0.971 0.00
yellow_cone 0.00 0 0.00 1065.79 407.34 1128.82 475.02 0.358 0.251 0.251 8.078 -0.478 -0.971 0.00
yellow_cone 0.00 0 0.00 1357.18 458.95 1439.94 555.48 0.358 0.251 0.251 5.874 -1.339 -0.971 0.00
yellow_cone 0.00 0 0.00 712.02 371.57 754.71 422.27 0.358 0.251 0.251 10.709 1.608 -0.971 0.00
yellow_cone 0.00 0 0.00 394.12 353.56 429.70 398.54 0.358 0.251 0.251 13.257 4.251 -0.971 0.00
yellow_cone 0.00 0 0.00 200.15 341.31 231.45 375.16 0.358 0.251 0.251 16.456 7.049 -0.971 0.00
yellow_cone 0.00 0 0.00 25.26 336.25 52.93 366.14 0.358 0.251 0.251 18.940 10.306 -0.971 0.00
blue_cone 0.00 0 0.00 0.13 387.55 22.02 433.39 0.358 0.251 0.251 11.609 6.511 -0.971 0.00