blue_cone 0.00 0 0.00 0.00 0.00 0.00 0.00 0.358 0.251 0.251 11.745 12.154 -0.971 0.00
blue_cone 0.00 0 0.00 0.00 0.00 0.00 0.00 0.358 0.251 0.251 10.651 8.535 -0.971 0.00
blue_cone 0.00 0 0.00 0.00 0.00 0.00 0.00 0.358 0.251 0.251 9.779 15.640 -0.971 0.00
blue_cone 0.00 0 0.00 0.00 0.00 0.00 0.00 0.358 0.251 0.251 6.220 17.542 -0.971 0.00
blue_cone 0.00 0 0.00 0.00 0.00 0.00 0.00 0.358 0.251 0.251 8.479 5.613 -0.971 0.00
yellow_cone 0.00 0 0.00 0.00 0.00 0.00 0.00 0.358 0.251 0.251 7.380 21.507 -0.971 0.00
yellow_cone 0.00 0 0.00 0.00 0.00 0.00 0.00 0.358 0.251 0.251 12.791 17.249 -0.971 0.00
yellow_cone 0.00 0 0.00 0.00 0.00 0.00 0.00 0.358 0.251 0.251 9.783 19.781 -0.971 0.00
yellow_cone 0.00 0 0.00 0.00 0.00 0.00 0.00 0.358 0.251 0.251 15.343 12.539 -0.971 0.00
yellow_cone 0.00 0 0.00 0.00 0.00 0.00 0.00 0.358 0.251 0.251 1.288 -3.245 -0.971 0.00
blue_cone 0.00 0 0.00 25.51 711.42 171.70 907.39 0.358 0.251 0.251 2.720 1.681 -0.971 0.00
blue_cone 0.00 0 0.00 8.86 511.69 93.95 614.07 0.358 0.251 0.251 5.450 3.117 -0.971 0.00
yellow_cone 0.00 0 0.00 1626.82 514.57 1746.21 635.93 0.358 0.251 0.251 4.501 -1.835 -0.971 0.00
yellow_cone 0.00 0 0.00 907.48 412.27 973.73 484.85 0.358 0.251 0.251 8.143 0.176 -0.971 0.00
yellow_cone 0.00 0 0.00 462.46 380.82 511.86 432.87 0.358 0.251 0.251 11.735 3.268 -0.971 0.00
yellow_cone 0.00 0 0.00 31.91 383.15 73.04 426.15 0.358 0.251 0.251 14.277 7.534 -0.971 0.00