blue_cone 0.00 0 0.00 0.00 0.00 0.00 0.00 0.358 0.251 0.251 23.237 -5.787 -0.971 0.00
blue_cone 0.00 0 0.00 0.00 0.00 0.00 0.00 0.358 0.251 0.251 11.494 -21.161 -0.971 0.00
blue_cone 0.00 0 0.00 0.00 0.00 0.00 0.00 0.358 0.251 0.251 11.806 16.048 -0.971 0.00
blue_cone 0.00 0 0.00 0.00 0.00 0.00 0.00 0.358 0.251 0.251 15.168 -24.169 -0.971 0.00
blue_cone 0.00 0 0.00 0.00 0.00 0.00 0.00 0.358 0.251 0.251 18.417 -22.024 -0.971 0.00
blue_cone 0.00 0 0.00 0.00 0.00 0.00 0.00 0.358 0.251 0.251 22.061 -9.474 -0.971 0.00
blue_cone 0.00 0 0.00 0.00 0.00 0.00 0.00 0.358 0.251 0.251 7.714 17.775 -0.971 0.00
blue_cone 0.00 0 0.00 0.00 0.00 0.00 0.00 0.358 0.251 0.251 6.833 9.344 -0.971 0.00
blue_cone 0.00 0 0.00 0.00 0.00 0.00 0.00 0.358 0.251 0.251 12.390 -24.553 -0.971 0.00
blue_cone 0.00 0 0.00 0.00 0.00 0.00 0.00 0.358 0.251 0.251 26.562 7.320 -0.971 0.00
blue_cone 0.00 0 0.00 0.00 0.00 0.00 0.00 0.358 0.251 0.251 11.304 11.577 -0.971 0.00
blue_cone 0.00 0 0.00 0.00 0.00 0.00 0.00 0.358 0.251 0.251 6.037 5.238 -0.971 0.00
blue_cone 0.00 0 0.00 0.00 0.00 0.00 0.00 0.358 0.251 0.251 23.696 -2.510 -0.971 0.00
blue_cone 0.00 0 0.00 0.00 0.00 0.00 0.00 0.358 0.251 0.251 13.632 -18.601 -0.971 0.00
blue_cone 0.00 0 0.00 0.00 0.00 0.00 0.00 0.358 0.251 0.251 7.402 -5.762 -0.971 0.00
blue_cone 0.00 0 0.00 0.00 0.00 0.00 0.00 0.358 0.251 0.251 18.644 -13.341 -0.971 0.00
blue_cone 0.00 0 0.00 0.00 0.00 0.00 0.00 0.358 0.251 0.251 10.875 3.412 -0.971 0.00
blue_cone 0.00 0 0.00 0.00 0.00 0.00 0.00 0.358 0.251 0.251 16.483 -15.782 -0.971 0.00
blue_cone 0.00 0 0.00 0.00 0.00 0.00 0.00 0.358 0.251 0.251 13.715 19.859 -0.971 0.00
blue_cone 0.00 0 0.00 0.00 0.00 0.00 0.00 0.358 0.251 0.251 2.785 -3.772 -0.971 0.00
blue_cone 0.00 0 0.00 0.00 0.00 0.00 0.00 0.358 0.251 0.251 9.254 -3.276 -0.971 0.00
blue_cone 0.00 0 0.00 0.00 0.00 0.00 0.00 0.358 0.251 0.251 4.950 -8.346 -0.971 0.00
blue_cone 0.00 0 0.00 0.00 0.00 0.00 0.00 0.358 0.251 0.251 10.420 -0.525 -0.971 0.00
blue_cone 0.00 0 0.00 0.00 0.00 0.00 0.00 0.358 0.251 0.251 7.413 13.428 -0.971 0.00
blue_cone 0.00 0 0.00 0.00 0.00 0.00 0.00 0.358 0.251 0.251 16.535 22.669 -0.971 0.00
blue_cone 0.00 0 0.00 0.00 0.00 0.00 0.00 0.358 0.251 0.251 11.043 7.463 -0.971 0.00
blue_cone 0.00 0 0.00 0.00 0.00 0.00 0.00 0.358 0.251 0.251 4.928 0.765 -0.971 0.00
blue_cone 0.00 0 0.00 0.00 0.00 0.00 0.00 0.358 0.251 0.251 8.162 21.448 -0.971 0.00
blue_cone 0.00 0 0.00 0.00 0.00 0.00 0.00 0.358 0.251 0.251 24.402 0.555 -0.971 0.00
yellow_cone 0.00 0 0.00 0.00 0.00 0.00 0.00 0.358 0.251 0.251 8.714 -19.290 -0.971 0.00
yellow_cone 0.00 0 0.00 0.00 0.00 0.00 0.00 0.358 0.251 0.251 11.347 -16.670 -0.971 0.00
yellow_cone 0.00 0 0.00 0.00 0.00 0.00 0.00 0.358 0.251 0.251 12.063 -4.626 -0.971 0.00
yellow_cone 0.00 0 0.00 0.00 0.00 0.00 0.00 0.358 0.251 0.251 3.934 -13.073 -0.971 0.00
yellow_cone 0.00 0 0.00 0.00 0.00 0.00 0.00 0.358 0.251 0.251 22.839 5.235 -0.971 0.00
yellow_cone 0.00 0 0.00 0.00 0.00 0.00 0.00 0.358 0.251 0.251 3.181 5.572 -0.971 0.00
yellow_cone 0.00 0 0.00 0.00 0.00 0.00 0.00 0.358 0.251 0.251 5.003 14.008 -0.971 0.00
yellow_cone 0.00 0 0.00 0.00 0.00 0.00 0.00 0.358 0.251 0.251 18.045 20.311 -0.971 0.00
yellow_cone 0.00 0 0.00 0.00 0.00 0.00 0.00 0.358 0.251 0.251 2.164 1.788 -0.971 0.00
yellow_cone 0.00 0 0.00 0.00 0.00 0.00 0.00 0.358 0.251 0.251 20.399 -5.352 -0.971 0.00
yellow_cone 0.00 0 0.00 0.00 0.00 0.00 0.00 0.358 0.251 0.251 5.274 18.034 -0.971 0.00
yellow_cone 0.00 0 0.00 0.00 0.00 0.00 0.00 0.358 0.251 0.251 13.444 -0.797 -0.971 0.00
yellow_cone 0.00 0 0.00 0.00 0.00 0.00 0.00 0.358 0.251 0.251 14.675 15.452 -0.971 0.00
yellow_cone 0.00 0 0.00 0.00 0.00 0.00 0.00 0.358 0.251 0.251 8.989 -26.356 -0.971 0.00
yellow_cone 0.00 0 0.00 0.00 0.00 0.00 0.00 0.358 0.251 0.251 21.447 1.735 -0.971 0.00
yellow_cone 0.00 0 0.00 0.00 0.00 0.00 0.00 0.358 0.251 0.251 6.977 -10.589 -0.971 0.00
yellow_cone 0.00 0 0.00 0.00 0.00 0.00 0.00 0.358 0.251 0.251 4.166 9.737 -0.971 0.00
yellow_cone 0.00 0 0.00 0.00 0.00 0.00 0.00 0.358 0.251 0.251 7.177 -22.952 -0.971 0.00
yellow_cone 0.00 0 0.00 0.00 0.00 0.00 0.00 0.358 0.251 0.251 14.152 -13.682 -0.971 0.00
yellow_cone 0.00 0 0.00 0.00 0.00 0.00 0.00 0.358 0.251 0.251 17.313 -10.872 -0.971 0.00
yellow_cone 0.00 0 0.00 0.00 0.00 0.00 0.00 0.358 0.251 0.251 24.201 8.687 -0.971 0.00
yellow_cone 0.00 0 0.00 0.00 0.00 0.00 0.00 0.358 0.251 0.251 19.630 -8.224 -0.971 0.00
yellow_cone 0.00 0 0.00 0.00 0.00 0.00 0.00 0.358 0.251 0.251 20.606 -1.847 -0.971 0.00
yellow_cone 0.00 0 0.00 0.00 0.00 0.00 0.00 0.358 0.251 0.251 14.072 11.340 -0.971 0.00
yellow_cone 0.00 0 0.00 0.00 0.00 0.00 0.00 0.358 0.251 0.251 9.883 -7.596 -0.971 0.00
yellow_cone 0.00 0 0.00 0.00 0.00 0.00 0.00 0.358 0.251 0.251 13.819 7.499 -0.971 0.00
yellow_cone 0.00 0 0.00 0.00 0.00 0.00 0.00 0.358 0.251 0.251 16.243 18.668 -0.971 0.00
yellow_cone 0.00 0 0.00 0.00 0.00 0.00 0.00 0.358 0.251 0.251 25.466 12.346 -0.971 0.00
yellow_cone 0.00 0 0.00 0.00 0.00 0.00 0.00 0.358 0.251 0.251 13.675 3.630 -0.971 0.00
yellow_cone 0.00 0 0.00 0.00 0.00 0.00 0.00 0.358 0.251 0.251 21.145 20.206 -0.971 0.00
orange_cone 0.00 0 699.985 957.440 795.983 1070.474 0.00 0.00 0.00 0.00 0.00 0.00 0.00
blue_cone 0.00 0 1646.264 856.505 1691.296 912.009 0.00 0.00 0.00 0.00 0.00 0.00 0.00
yellow_cone 0.00 0 1718.005 828.469 1758.743 873.486 0.00 0.00 0.00 0.00 0.00 0.00 0.00
blue_cone 0.00 0 1131.162 846.384 1171.436 892.793 0.00 0.00 0.00 0.00 0.00 0.00 0.00
orange_cone 0.00 0 577.656 809.713 611.190 848.627 0.00 0.00 0.00 0.00 0.00 0.00 0.00
blue_cone 0.00 0 468.356 834.159 506.332 881.273 0.00 0.00 0.00 0.00 0.00 0.00 0.00
yellow_cone 0.00 0 1771.567 795.831 1797.283 823.440 0.00 0.00 0.00 0.00 0.00 0.00 0.00
orange_cone 0.00 0 564.244 769.208 579.740 788.757 0.00 0.00 0.00 0.00 0.00 0.00 0.00
blue_cone 0.00 0 1242.957 779.671 1261.079 801.860 0.00 0.00 0.00 0.00 0.00 0.00 0.00
orange_cone 0.00 0 118.464 806.417 146.771 841.060 0.00 0.00 0.00 0.00 0.00 0.00 0.00
yellow_cone 0.00 0 1135.612 818.778 1171.272 866.723 0.00 0.00 0.00 0.00 0.00 0.00 0.00
orange_cone 0.00 0 420.589 772.999 437.406 792.933 0.00 0.00 0.00 0.00 0.00 0.00 0.00
orange_cone 0.00 0 892.953 781.751 912.863 806.775 0.00 0.00 0.00 0.00 0.00 0.00 0.00
yellow_cone 0.00 0 1617.075 768.919 1630.170 784.488 0.00 0.00 0.00 0.00 0.00 0.00 0.00
blue_cone 0.00 0 1798.055 786.963 1821.615 810.356 0.00 0.00 0.00 0.00 0.00 0.00 0.00
blue_cone 0.00 0 310.837 764.785 324.611 782.096 0.00 0.00 0.00 0.00 0.00 0.00 0.00
orange_cone 0.00 0 624.568 776.197 642.701 797.670 0.00 0.00 0.00 0.00 0.00 0.00 0.00
blue_cone 0.00 0 1442.831 765.025 1455.972 780.818 0.00 0.00 0.00 0.00 0.00 0.00 0.00
yellow_cone 0.00 0 1262.052 753.407 1272.327 768.175 0.00 0.00 0.00 0.00 0.00 0.00 0.00
yellow_cone 0.00 0 215.130 768.833 231.175 789.108 0.00 0.00 0.00 0.00 0.00 0.00 0.00
blue_cone 0.00 0 1494.950 782.465 1513.299 803.878 0.00 0.00 0.00 0.00 0.00 0.00 0.00
yellow_cone 0.00 0 1501.205 788.913 1524.792 815.730 0.00 0.00 0.00 0.00 0.00 0.00 0.00
yellow_cone 0.00 0 1519.516 764.711 1531.657 779.583 0.00 0.00 0.00 0.00 0.00 0.00 0.00
