blue_cone 0.00 0 0.00 0.00 0.00 0.00 0.00 0.358 0.251 0.251 23.230 -5.789 -0.971 0.00
blue_cone 0.00 0 0.00 0.00 0.00 0.00 0.00 0.358 0.251 0.251 11.481 -21.158 -0.971 0.00
blue_cone 0.00 0 0.00 0.00 0.00 0.00 0.00 0.358 0.251 0.251 11.808 16.051 -0.971 0.00
blue_cone 0.00 0 0.00 0.00 0.00 0.00 0.00 0.358 0.251 0.251 15.154 -24.168 -0.971 0.00
blue_cone 0.00 0 0.00 0.00 0.00 0.00 0.00 0.358 0.251 0.251 18.404 -22.024 -0.971 0.00
blue_cone 0.00 0 0.00 0.00 0.00 0.00 0.00 0.358 0.251 0.251 22.053 -9.476 -0.971 0.00
blue_cone 0.00 0 0.00 0.00 0.00 0.00 0.00 0.358 0.251 0.251 7.717 17.779 -0.971 0.00
blue_cone 0.00 0 0.00 0.00 0.00 0.00 0.00 0.358 0.251 0.251 6.832 9.348 -0.971 0.00
blue_cone 0.00 0 0.00 0.00 0.00 0.00 0.00 0.358 0.251 0.251 12.375 -24.551 -0.971 0.00
blue_cone 0.00 0 0.00 0.00 0.00 0.00 0.00 0.358 0.251 0.251 26.561 7.317 -0.971 0.00
blue_cone 0.00 0 0.00 0.00 0.00 0.00 0.00 0.358 0.251 0.251 11.305 11.579 -0.971 0.00
blue_cone 0.00 0 0.00 0.00 0.00 0.00 0.00 0.358 0.251 0.251 6.035 5.243 -0.971 0.00
blue_cone 0.00 0 0.00 0.00 0.00 0.00 0.00 0.358 0.251 0.251 23.691 -2.513 -0.971 0.00
blue_cone 0.00 0 0.00 0.00 0.00 0.00 0.00 0.358 0.251 0.251 13.620 -18.599 -0.971 0.00
blue_cone 0.00 0 0.00 0.00 0.00 0.00 0.00 0.358 0.251 0.251 7.396 -5.758 -0.971 0.00
blue_cone 0.00 0 0.00 0.00 0.00 0.00 0.00 0.358 0.251 0.251 18.634 -13.342 -0.971 0.00
blue_cone 0.00 0 0.00 0.00 0.00 0.00 0.00 0.358 0.251 0.251 10.873 3.415 -0.971 0.00
blue_cone 0.00 0 0.00 0.00 0.00 0.00 0.00 0.358 0.251 0.251 16.472 -15.782 -0.971 0.00
blue_cone 0.00 0 0.00 0.00 0.00 0.00 0.00 0.358 0.251 0.251 13.720 19.861 -0.971 0.00
blue_cone 0.00 0 0.00 0.00 0.00 0.00 0.00 0.358 0.251 0.251 2.780 -3.765 -0.971 0.00
blue_cone 0.00 0 0.00 0.00 0.00 0.00 0.00 0.358 0.251 0.251 9.249 -3.272 -0.971 0.00
blue_cone 0.00 0 0.00 0.00 0.00 0.00 0.00 0.358 0.251 0.251 4.942 -8.341 -0.971 0.00
blue_cone 0.00 0 0.00 0.00 0.00 0.00 0.00 0.358 0.251 0.251 10.415 -0.521 -0.971 0.00
blue_cone 0.00 0 0.00 0.00 0.00 0.00 0.00 0.358 0.251 0.251 7.414 13.433 -0.971 0.00
blue_cone 0.00 0 0.00 0.00 0.00 0.00 0.00 0.358 0.251 0.251 16.540 22.670 -0.971 0.00
blue_cone 0.00 0 0.00 0.00 0.00 0.00 0.00 0.358 0.251 0.251 11.042 7.466 -0.971 0.00
blue_cone 0.00 0 0.00 0.00 0.00 0.00 0.00 0.358 0.251 0.251 4.924 0.770 -0.971 0.00
blue_cone 0.00 0 0.00 0.00 0.00 0.00 0.00 0.358 0.251 0.251 8.167 21.452 -0.971 0.00
blue_cone 0.00 0 0.00 0.00 0.00 0.00 0.00 0.358 0.251 0.251 24.398 0.552 -0.971 0.00
yellow_cone 0.00 0 0.00 0.00 0.00 0.00 0.00 0.358 0.251 0.251 8.702 -19.286 -0.971 0.00
yellow_cone 0.00 0 0.00 0.00 0.00 0.00 0.00 0.358 0.251 0.251 11.336 -16.667 -0.971 0.00
yellow_cone 0.00 0 0.00 0.00 0.00 0.00 0.00 0.358 0.251 0.251 12.056 -4.624 -0.971 0.00
yellow_cone 0.00 0 0.00 0.00 0.00 0.00 0.00 0.358 0.251 0.251 3.924 -13.067 -0.971 0.00
yellow_cone 0.00 0 0.00 0.00 0.00 0.00 0.00 0.358 0.251 0.251 22.837 5.233 -0.971 0.00
yellow_cone 0.00 0 0.00 0.00 0.00 0.00 0.00 0.358 0.251 0.251 3.179 5.578 -0.971 0.00
yellow_cone 0.00 0 0.00 0.00 0.00 0.00 0.00 0.358 0.251 0.251 5.004 14.013 -0.971 0.00
yellow_cone 0.00 0 0.00 0.00 0.00 0.00 0.00 0.358 0.251 0.251 18.049 20.311 -0.971 0.00
yellow_cone 0.00 0 0.00 0.00 0.00 0.00 0.00 0.358 0.251 0.251 2.161 1.795 -0.971 0.00
yellow_cone 0.00 0 0.00 0.00 0.00 0.00 0.00 0.358 0.251 0.251 20.392 -5.353 -0.971 0.00
yellow_cone 0.00 0 0.00 0.00 0.00 0.00 0.00 0.358 0.251 0.251 5.278 18.039 -0.971 0.00
yellow_cone 0.00 0 0.00 0.00 0.00 0.00 0.00 0.358 0.251 0.251 13.440 -0.796 -0.971 0.00
yellow_cone 0.00 0 0.00 0.00 0.00 0.00 0.00 0.358 0.251 0.251 14.678 15.453 -0.971 0.00
yellow_cone 0.00 0 0.00 0.00 0.00 0.00 0.00 0.358 0.251 0.251 8.974 -26.352 -0.971 0.00
yellow_cone 0.00 0 0.00 0.00 0.00 0.00 0.00 0.358 0.251 0.251 21.444 1.733 -0.971 0.00
yellow_cone 0.00 0 0.00 0.00 0.00 0.00 0.00 0.358 0.251 0.251 6.968 -10.584 -0.971 0.00
yellow_cone 0.00 0 0.00 0.00 0.00 0.00 0.00 0.358 0.251 0.251 4.166 9.743 -0.971 0.00
yellow_cone 0.00 0 0.00 0.00 0.00 0.00 0.00 0.358 0.251 0.251 7.163 -22.947 -0.971 0.00
yellow_cone 0.00 0 0.00 0.00 0.00 0.00 0.00 0.358 0.251 0.251 14.142 -13.681 -0.971 0.00
yellow_cone 0.00 0 0.00 0.00 0.00 0.00 0.00 0.358 0.251 0.251 17.304 -10.872 -0.971 0.00
yellow_cone 0.00 0 0.00 0.00 0.00 0.00 0.00 0.358 0.251 0.251 24.200 8.684 -0.971 0.00
yellow_cone 0.00 0 0.00 0.00 0.00 0.00 0.00 0.358 0.251 0.251 19.622 -8.225 -0.971 0.00
yellow_cone 0.00 0 0.00 0.00 0.00 0.00 0.00 0.358 0.251 0.251 20.601 -1.848 -0.971 0.00
yellow_cone 0.00 0 0.00 0.00 0.00 0.00 0.00 0.358 0.251 0.251 14.073 11.342 -0.971 0.00
yellow_cone 0.00 0 0.00 0.00 0.00 0.00 0.00 0.358 0.251 0.251 9.875 -7.592 -0.971 0.00
yellow_cone 0.00 0 0.00 0.00 0.00 0.00 0.00 0.358 0.251 0.251 13.818 7.501 -0.971 0.00
yellow_cone 0.00 0 0.00 0.00 0.00 0.00 0.00 0.358 0.251 0.251 16.247 18.668 -0.971 0.00
yellow_cone 0.00 0 0.00 0.00 0.00 0.00 0.00 0.358 0.251 0.251 25.467 12.343 -0.971 0.00
yellow_cone 0.00 0 0.00 0.00 0.00 0.00 0.00 0.358 0.251 0.251 13.673 3.631 -0.971 0.00
yellow_cone 0.00 0 0.00 0.00 0.00 0.00 0.00 0.358 0.251 0.251 21.149 20.204 -0.971 0.00
orange_cone 0.00 0 699.707 957.762 796.012 1070.522 0.00 0.00 0.00 0.00 0.00 0.00 0.00
blue_cone 0.00 0 1646.031 856.784 1691.111 912.152 0.00 0.00 0.00 0.00 0.00 0.00 0.00
yellow_cone 0.00 0 1717.622 828.408 1758.747 873.614 0.00 0.00 0.00 0.00 0.00 0.00 0.00
blue_cone 0.00 0 1131.097 846.731 1171.608 893.100 0.00 0.00 0.00 0.00 0.00 0.00 0.00
orange_cone 0.00 0 577.521 809.703 610.988 848.667 0.00 0.00 0.00 0.00 0.00 0.00 0.00
blue_cone 0.00 0 468.700 834.405 506.677 881.393 0.00 0.00 0.00 0.00 0.00 0.00 0.00
yellow_cone 0.00 0 1771.976 796.291 1797.519 823.572 0.00 0.00 0.00 0.00 0.00 0.00 0.00
orange_cone 0.00 0 564.355 769.011 579.658 788.384 0.00 0.00 0.00 0.00 0.00 0.00 0.00
blue_cone 0.00 0 1242.976 779.797 1261.056 801.988 0.00 0.00 0.00 0.00 0.00 0.00 0.00
orange_cone 0.00 0 118.554 807.058 146.338 841.000 0.00 0.00 0.00 0.00 0.00 0.00 0.00
yellow_cone 0.00 0 1135.669 818.751 1171.313 865.370 0.00 0.00 0.00 0.00 0.00 0.00 0.00
orange_cone 0.00 0 893.031 782.422 912.791 806.939 0.00 0.00 0.00 0.00 0.00 0.00 0.00
orange_cone 0.00 0 420.467 773.057 437.415 792.859 0.00 0.00 0.00 0.00 0.00 0.00 0.00
yellow_cone 0.00 0 1617.013 768.729 1630.099 784.449 0.00 0.00 0.00 0.00 0.00 0.00 0.00
blue_cone 0.00 0 310.874 764.667 324.537 781.824 0.00 0.00 0.00 0.00 0.00 0.00 0.00
blue_cone 0.00 0 1798.104 787.213 1821.399 810.434 0.00 0.00 0.00 0.00 0.00 0.00 0.00
blue_cone 0.00 0 1443.154 765.462 1455.806 780.792 0.00 0.00 0.00 0.00 0.00 0.00 0.00
orange_cone 0.00 0 624.324 776.499 642.653 797.927 0.00 0.00 0.00 0.00 0.00 0.00 0.00
yellow_cone 0.00 0 1261.721 753.842 1272.737 769.261 0.00 0.00 0.00 0.00 0.00 0.00 0.00
yellow_cone 0.00 0 214.969 769.123 231.081 789.243 0.00 0.00 0.00 0.00 0.00 0.00 0.00
blue_cone 0.00 0 1494.716 782.874 1512.302 803.889 0.00 0.00 0.00 0.00 0.00 0.00 0.00
yellow_cone 0.00 0 1501.291 789.258 1524.778 816.015 0.00 0.00 0.00 0.00 0.00 0.00 0.00
yellow_cone 0.00 0 1519.742 764.808 1531.468 779.392 0.00 0.00 0.00 0.00 0.00 0.00 0.00
