blue_cone 0.00 0 0.00 0.00 0.00 0.00 0.00 0.358 0.251 0.251 24.119 -8.204 -0.971 0.00
blue_cone 0.00 0 0.00 0.00 0.00 0.00 0.00 0.358 0.251 0.251 10.857 -22.289 -0.971 0.00
blue_cone 0.00 0 0.00 0.00 0.00 0.00 0.00 0.358 0.251 0.251 14.992 14.690 -0.971 0.00
blue_cone 0.00 0 0.00 0.00 0.00 0.00 0.00 0.358 0.251 0.251 14.203 -25.660 -0.971 0.00
blue_cone 0.00 0 0.00 0.00 0.00 0.00 0.00 0.358 0.251 0.251 17.655 -23.860 -0.971 0.00
blue_cone 0.00 0 0.00 0.00 0.00 0.00 0.00 0.358 0.251 0.251 22.570 -11.751 -0.971 0.00
blue_cone 0.00 0 0.00 0.00 0.00 0.00 0.00 0.358 0.251 0.251 11.100 16.829 -0.971 0.00
blue_cone 0.00 0 0.00 0.00 0.00 0.00 0.00 0.358 0.251 0.251 9.356 8.533 -0.971 0.00
blue_cone 0.00 0 0.00 0.00 0.00 0.00 0.00 0.358 0.251 0.251 11.400 -25.756 -0.971 0.00
blue_cone 0.00 0 0.00 0.00 0.00 0.00 0.00 0.358 0.251 0.251 28.773 4.492 -0.971 0.00
blue_cone 0.00 0 0.00 0.00 0.00 0.00 0.00 0.358 0.251 0.251 14.034 10.294 -0.971 0.00
blue_cone 0.00 0 0.00 0.00 0.00 0.00 0.00 0.358 0.251 0.251 8.143 4.531 -0.971 0.00
blue_cone 0.00 0 0.00 0.00 0.00 0.00 0.00 0.358 0.251 0.251 24.912 -4.992 -0.971 0.00
blue_cone 0.00 0 0.00 0.00 0.00 0.00 0.00 0.358 0.251 0.251 8.374 30.571 -0.971 0.00
blue_cone 0.00 0 0.00 0.00 0.00 0.00 0.00 0.358 0.251 0.251 13.248 -19.963 -0.971 0.00
blue_cone 0.00 0 0.00 0.00 0.00 0.00 0.00 0.358 0.251 0.251 8.371 -6.552 -0.971 0.00
blue_cone 0.00 0 0.00 0.00 0.00 0.00 0.00 0.358 0.251 0.251 18.774 -15.246 -0.971 0.00
blue_cone 0.00 0 0.00 0.00 0.00 0.00 0.00 0.358 0.251 0.251 12.768 2.217 -0.971 0.00
blue_cone 0.00 0 0.00 0.00 0.00 0.00 0.00 0.358 0.251 0.251 16.373 -17.452 -0.971 0.00
blue_cone 0.00 0 0.00 0.00 0.00 0.00 0.00 0.358 0.251 0.251 17.284 18.285 -0.971 0.00
blue_cone 0.00 0 0.00 0.00 0.00 0.00 0.00 0.358 0.251 0.251 3.983 -4.097 -0.971 0.00
blue_cone 0.00 0 0.00 0.00 0.00 0.00 0.00 0.358 0.251 0.251 10.468 -4.269 -0.971 0.00
blue_cone 0.00 0 0.00 0.00 0.00 0.00 0.00 0.358 0.251 0.251 5.665 -8.870 -0.971 0.00
blue_cone 0.00 0 0.00 0.00 0.00 0.00 0.00 0.358 0.251 0.251 11.910 -1.652 -0.971 0.00
blue_cone 0.00 0 0.00 0.00 0.00 0.00 0.00 0.358 0.251 0.251 10.354 12.536 -0.971 0.00
blue_cone 0.00 0 0.00 0.00 0.00 0.00 0.00 0.358 0.251 0.251 20.377 20.790 -0.971 0.00
blue_cone 0.00 0 0.00 0.00 0.00 0.00 0.00 0.358 0.251 0.251 13.351 6.229 -0.971 0.00
blue_cone 0.00 0 0.00 0.00 0.00 0.00 0.00 0.358 0.251 0.251 6.580 0.195 -0.971 0.00
blue_cone 0.00 0 0.00 0.00 0.00 0.00 0.00 0.358 0.251 0.251 11.923 20.436 -0.971 0.00
blue_cone 0.00 0 0.00 0.00 0.00 0.00 0.00 0.358 0.251 0.251 25.929 -2.015 -0.971 0.00
blue_cone 0.00 0 0.00 0.00 0.00 0.00 0.00 0.358 0.251 0.251 11.474 28.812 -0.971 0.00
yellow_cone 0.00 0 0.00 0.00 0.00 0.00 0.00 0.358 0.251 0.251 3.051 10.025 -0.971 0.00
yellow_cone 0.00 0 0.00 0.00 0.00 0.00 0.00 0.358 0.251 0.251 8.285 -20.143 -0.971 0.00
yellow_cone 0.00 0 0.00 0.00 0.00 0.00 0.00 0.358 0.251 0.251 11.173 -17.807 -0.971 0.00
yellow_cone 0.00 0 0.00 0.00 0.00 0.00 0.00 0.358 0.251 0.251 13.123 -5.901 -0.971 0.00
yellow_cone 0.00 0 0.00 0.00 0.00 0.00 0.00 0.358 0.251 0.251 4.169 -13.467 -0.971 0.00
yellow_cone 0.00 0 0.00 0.00 0.00 0.00 0.00 0.358 0.251 0.251 24.855 2.800 -0.971 0.00
yellow_cone 0.00 0 0.00 0.00 0.00 0.00 0.00 0.358 0.251 0.251 5.336 5.157 -0.971 0.00
yellow_cone 0.00 0 0.00 0.00 0.00 0.00 0.00 0.358 0.251 0.251 8.016 13.360 -0.971 0.00
yellow_cone 0.00 0 0.00 0.00 0.00 0.00 0.00 0.358 0.251 0.251 21.637 18.289 -0.971 0.00
yellow_cone 0.00 0 0.00 0.00 0.00 0.00 0.00 0.358 0.251 0.251 3.936 1.497 -0.971 0.00
yellow_cone 0.00 0 0.00 0.00 0.00 0.00 0.00 0.358 0.251 0.251 21.340 -7.480 -0.971 0.00
yellow_cone 0.00 0 0.00 0.00 0.00 0.00 0.00 0.358 0.251 0.251 9.478 21.384 -0.971 0.00
yellow_cone 0.00 0 0.00 0.00 0.00 0.00 0.00 0.358 0.251 0.251 8.700 17.337 -0.971 0.00
yellow_cone 0.00 0 0.00 0.00 0.00 0.00 0.00 0.358 0.251 0.251 2.105 5.788 -0.971 0.00
yellow_cone 0.00 0 0.00 0.00 0.00 0.00 0.00 0.358 0.251 0.251 14.891 -2.234 -0.971 0.00
yellow_cone 0.00 0 0.00 0.00 0.00 0.00 0.00 0.358 0.251 0.251 17.785 13.802 -0.971 0.00
yellow_cone 0.00 0 0.00 0.00 0.00 0.00 0.00 0.358 0.251 0.251 7.832 -27.200 -0.971 0.00
yellow_cone 0.00 0 0.00 0.00 0.00 0.00 0.00 0.358 0.251 0.251 23.111 -0.538 -0.971 0.00
yellow_cone 0.00 0 0.00 0.00 0.00 0.00 0.00 0.358 0.251 0.251 7.451 -11.309 -0.971 0.00
yellow_cone 0.00 0 0.00 0.00 0.00 0.00 0.00 0.358 0.251 0.251 6.744 9.199 -0.971 0.00
yellow_cone 0.00 0 0.00 0.00 0.00 0.00 0.00 0.358 0.251 0.251 6.379 -23.627 -0.971 0.00
yellow_cone 0.00 0 0.00 0.00 0.00 0.00 0.00 0.358 0.251 0.251 14.270 -15.124 -0.971 0.00
yellow_cone 0.00 0 0.00 0.00 0.00 0.00 0.00 0.358 0.251 0.251 17.703 -12.654 -0.971 0.00
yellow_cone 0.00 0 0.00 0.00 0.00 0.00 0.00 0.358 0.251 0.251 26.565 6.094 -0.971 0.00
yellow_cone 0.00 0 0.00 0.00 0.00 0.00 0.00 0.358 0.251 0.251 20.280 -10.257 -0.971 0.00
yellow_cone 0.00 0 0.00 0.00 0.00 0.00 0.00 0.358 0.251 0.251 21.907 -4.015 -0.971 0.00
yellow_cone 0.00 0 0.00 0.00 0.00 0.00 0.00 0.358 0.251 0.251 16.763 9.775 -0.971 0.00
yellow_cone 0.00 0 0.00 0.00 0.00 0.00 0.00 0.358 0.251 0.251 10.649 -8.630 -0.971 0.00
yellow_cone 0.00 0 0.00 0.00 0.00 0.00 0.00 0.358 0.251 0.251 16.116 5.980 -0.971 0.00
yellow_cone 0.00 0 0.00 0.00 0.00 0.00 0.00 0.358 0.251 0.251 1.687 -1.919 -0.971 0.00
yellow_cone 0.00 0 0.00 0.00 0.00 0.00 0.00 0.358 0.251 0.251 19.676 16.840 -0.971 0.00
yellow_cone 0.00 0 0.00 0.00 0.00 0.00 0.00 0.358 0.251 0.251 28.200 9.604 -0.971 0.00
yellow_cone 0.00 0 0.00 0.00 0.00 0.00 0.00 0.358 0.251 0.251 15.576 2.146 -0.971 0.00
yellow_cone 0.00 0 0.00 0.00 0.00 0.00 0.00 0.358 0.251 0.251 24.709 17.866 -0.971 0.00
orange_cone 0.00 0 330.841 1013.436 437.731 1153.656 0.00 0.00 0.00 0.00 0.00 0.00 0.00
orange_cone 0.00 0 65.427 858.781 128.153 921.976 0.00 0.00 0.00 0.00 0.00 0.00 0.00
yellow_cone 0.00 0 1833.164 829.870 1870.947 871.364 0.00 0.00 0.00 0.00 0.00 0.00 0.00
blue_cone 0.00 0 724.365 823.090 758.037 863.057 0.00 0.00 0.00 0.00 0.00 0.00 0.00
blue_cone 0.00 0 1744.961 850.197 1784.388 899.536 0.00 0.00 0.00 0.00 0.00 0.00 0.00
orange_cone 0.00 0 55.040 788.373 82.275 818.529 0.00 0.00 0.00 0.00 0.00 0.00 0.00
blue_cone 0.00 0 237.124 809.936 269.518 847.083 0.00 0.00 0.00 0.00 0.00 0.00 0.00
yellow_cone 0.00 0 1303.899 816.078 1335.627 853.100 0.00 0.00 0.00 0.00 0.00 0.00 0.00
orange_cone 0.00 0 408.890 798.425 433.360 828.773 0.00 0.00 0.00 0.00 0.00 0.00 0.00
blue_cone 0.00 0 1295.991 837.183 1332.697 878.802 0.00 0.00 0.00 0.00 0.00 0.00 0.00
orange_cone 0.00 0 951.988 905.707 1021.110 988.277 0.00 0.00 0.00 0.00 0.00 0.00 0.00
yellow_cone 0.00 0 1389.032 791.458 1410.081 815.488 0.00 0.00 0.00 0.00 0.00 0.00 0.00
yellow_cone 0.00 0 1921.224 802.996 1943.953 829.443 0.00 0.00 0.00 0.00 0.00 0.00 0.00
orange_cone 0.00 0 807.911 804.819 836.246 839.298 0.00 0.00 0.00 0.00 0.00 0.00 0.00
orange_cone 0.00 0 1196.934 779.298 1215.905 801.312 0.00 0.00 0.00 0.00 0.00 0.00 0.00
yellow_cone 0.00 0 29.656 766.056 44.414 782.717 0.00 0.00 0.00 0.00 0.00 0.00 0.00
orange_cone 0.00 0 647.964 772.419 663.350 791.220 0.00 0.00 0.00 0.00 0.00 0.00 0.00
yellow_cone 0.00 0 1658.230 793.894 1681.418 820.084 0.00 0.00 0.00 0.00 0.00 0.00 0.00
orange_cone 0.00 0 837.439 777.048 854.973 796.190 0.00 0.00 0.00 0.00 0.00 0.00 0.00
orange_cone 0.00 0 1086.077 784.256 1105.960 806.508 0.00 0.00 0.00 0.00 0.00 0.00 0.00
yellow_cone 0.00 0 1695.064 771.656 1707.958 787.401 0.00 0.00 0.00 0.00 0.00 0.00 0.00
orange_cone 0.00 0 777.418 769.500 792.396 788.273 0.00 0.00 0.00 0.00 0.00 0.00 0.00
blue_cone 0.00 0 1414.742 786.427 1431.853 804.813 0.00 0.00 0.00 0.00 0.00 0.00 0.00
yellow_cone 0.00 0 459.904 766.227 476.734 785.997 0.00 0.00 0.00 0.00 0.00 0.00 0.00
blue_cone 0.00 0 1616.229 773.441 1629.152 789.273 0.00 0.00 0.00 0.00 0.00 0.00 0.00
yellow_cone 0.00 0 1979.151 783.703 1993.744 800.826 0.00 0.00 0.00 0.00 0.00 0.00 0.00
orange_cone 0.00 0 1029.497 756.185 1039.692 768.219 0.00 0.00 0.00 0.00 0.00 0.00 0.00
