blue_cone 0.00 0 0.00 0.00 0.00 0.00 0.00 0.358 0.251 0.251 4.064 5.816 -0.971 0.00
blue_cone 0.00 0 0.00 0.00 0.00 0.00 0.00 0.358 0.251 0.251 3.718 3.838 -0.971 0.00
blue_cone 0.00 0 0.00 0.00 0.00 0.00 0.00 0.358 0.251 0.251 2.489 2.072 -0.971 0.00
yellow_cone 0.00 0 0.00 0.00 0.00 0.00 0.00 0.358 0.251 0.251 6.154 2.087 -0.971 0.00
yellow_cone 0.00 0 0.00 0.00 0.00 0.00 0.00 0.358 0.251 0.251 3.714 -0.805 -0.971 0.00
blue_cone 0.00 0 0.00 0.00 0.00 0.00 0.00 0.358 0.251 0.251 14.141 -6.467 -0.971 0.00
blue_cone 0.00 0 0.00 0.00 0.00 0.00 0.00 0.358 0.251 0.251 32.147 12.942 -0.971 0.00
blue_cone 0.00 0 0.00 0.00 0.00 0.00 0.00 0.358 0.251 0.251 30.570 -6.339 -0.971 0.00
blue_cone 0.00 0 0.00 0.00 0.00 0.00 0.00 0.358 0.251 0.251 10.733 25.142 -0.971 0.00
blue_cone 0.00 0 0.00 0.00 0.00 0.00 0.00 0.358 0.251 0.251 12.778 -4.331 -0.971 0.00
blue_cone 0.00 0 0.00 0.00 0.00 0.00 0.00 0.358 0.251 0.251 35.287 -6.886 -0.971 0.00
blue_cone 0.00 0 0.00 0.00 0.00 0.00 0.00 0.358 0.251 0.251 36.862 -3.326 -0.971 0.00
blue_cone 0.00 0 0.00 0.00 0.00 0.00 0.00 0.358 0.251 0.251 33.149 9.204 -0.971 0.00
blue_cone 0.00 0 0.00 0.00 0.00 0.00 0.00 0.358 0.251 0.251 16.155 -5.132 -0.971 0.00
blue_cone 0.00 0 0.00 0.00 0.00 0.00 0.00 0.358 0.251 0.251 10.169 16.814 -0.971 0.00
blue_cone 0.00 0 0.00 0.00 0.00 0.00 0.00 0.358 0.251 0.251 33.156 -8.710 -0.971 0.00
blue_cone 0.00 0 0.00 0.00 0.00 0.00 0.00 0.358 0.251 0.251 27.865 25.769 -0.971 0.00
blue_cone 0.00 0 0.00 0.00 0.00 0.00 0.00 0.358 0.251 0.251 13.191 -0.853 -0.971 0.00
blue_cone 0.00 0 0.00 0.00 0.00 0.00 0.00 0.358 0.251 0.251 12.726 21.109 -0.971 0.00
blue_cone 0.00 0 0.00 0.00 0.00 0.00 0.00 0.358 0.251 0.251 11.717 12.929 -0.971 0.00
blue_cone 0.00 0 0.00 0.00 0.00 0.00 0.00 0.358 0.251 0.251 30.764 15.947 -0.971 0.00
blue_cone 0.00 0 0.00 0.00 0.00 0.00 0.00 0.358 0.251 0.251 30.987 -3.030 -0.971 0.00
blue_cone 0.00 0 0.00 0.00 0.00 0.00 0.00 0.358 0.251 0.251 18.808 4.409 -0.971 0.00
blue_cone 0.00 0 0.00 0.00 0.00 0.00 0.00 0.358 0.251 0.251 32.363 4.104 -0.971 0.00
blue_cone 0.00 0 0.00 0.00 0.00 0.00 0.00 0.358 0.251 0.251 16.775 14.006 -0.971 0.00
blue_cone 0.00 0 0.00 0.00 0.00 0.00 0.00 0.358 0.251 0.251 31.863 0.882 -0.971 0.00
blue_cone 0.00 0 0.00 0.00 0.00 0.00 0.00 0.358 0.251 0.251 10.281 29.381 -0.971 0.00
blue_cone 0.00 0 0.00 0.00 0.00 0.00 0.00 0.358 0.251 0.251 13.848 3.591 -0.971 0.00
blue_cone 0.00 0 0.00 0.00 0.00 0.00 0.00 0.358 0.251 0.251 17.009 -2.555 -0.971 0.00
blue_cone 0.00 0 0.00 0.00 0.00 0.00 0.00 0.358 0.251 0.251 19.024 7.502 -0.971 0.00
blue_cone 0.00 0 0.00 0.00 0.00 0.00 0.00 0.358 0.251 0.251 18.140 0.910 -0.971 0.00
blue_cone 0.00 0 0.00 0.00 0.00 0.00 0.00 0.358 0.251 0.251 18.518 10.447 -0.971 0.00
blue_cone 0.00 0 0.00 0.00 0.00 0.00 0.00 0.358 0.251 0.251 3.445 8.082 -0.971 0.00
blue_cone 0.00 0 0.00 0.00 0.00 0.00 0.00 0.358 0.251 0.251 8.451 20.565 -0.971 0.00
blue_cone 0.00 0 0.00 0.00 0.00 0.00 0.00 0.358 0.251 0.251 11.136 33.269 -0.971 0.00
blue_cone 0.00 0 0.00 0.00 0.00 0.00 0.00 0.358 0.251 0.251 14.728 17.506 -0.971 0.00
blue_cone 0.00 0 0.00 0.00 0.00 0.00 0.00 0.358 0.251 0.251 13.201 8.565 -0.971 0.00
blue_cone 0.00 0 0.00 0.00 0.00 0.00 0.00 0.358 0.251 0.251 29.702 18.908 -0.971 0.00
yellow_cone 0.00 0 0.00 0.00 0.00 0.00 0.00 0.358 0.251 0.251 10.482 -7.782 -0.971 0.00
yellow_cone 0.00 0 0.00 0.00 0.00 0.00 0.00 0.358 0.251 0.251 4.310 14.046 -0.971 0.00
yellow_cone 0.00 0 0.00 0.00 0.00 0.00 0.00 0.358 0.251 0.251 27.220 -6.267 -0.971 0.00
yellow_cone 0.00 0 0.00 0.00 0.00 0.00 0.00 0.358 0.251 0.251 28.020 -2.639 -0.971 0.00
yellow_cone 0.00 0 0.00 0.00 0.00 0.00 0.00 0.358 0.251 0.251 22.117 7.882 -0.971 0.00
yellow_cone 0.00 0 0.00 0.00 0.00 0.00 0.00 0.358 0.251 0.251 19.839 -3.617 -0.971 0.00
yellow_cone 0.00 0 0.00 0.00 0.00 0.00 0.00 0.358 0.251 0.251 10.118 -0.474 -0.971 0.00
yellow_cone 0.00 0 0.00 0.00 0.00 0.00 0.00 0.358 0.251 0.251 25.858 22.002 -0.971 0.00
yellow_cone 0.00 0 0.00 0.00 0.00 0.00 0.00 0.358 0.251 0.251 9.133 11.667 -0.971 0.00
yellow_cone 0.00 0 0.00 0.00 0.00 0.00 0.00 0.358 0.251 0.251 6.109 19.751 -0.971 0.00
yellow_cone 0.00 0 0.00 0.00 0.00 0.00 0.00 0.358 0.251 0.251 13.681 32.100 -0.971 0.00
yellow_cone 0.00 0 0.00 0.00 0.00 0.00 0.00 0.358 0.251 0.251 10.322 7.934 -0.971 0.00
yellow_cone 0.00 0 0.00 0.00 0.00 0.00 0.00 0.358 0.251 0.251 29.524 11.775 -0.971 0.00
yellow_cone 0.00 0 0.00 0.00 0.00 0.00 0.00 0.358 0.251 0.251 9.609 -4.213 -0.971 0.00
yellow_cone 0.00 0 0.00 0.00 0.00 0.00 0.00 0.358 0.251 0.251 6.214 10.145 -0.971 0.00
yellow_cone 0.00 0 0.00 0.00 0.00 0.00 0.00 0.358 0.251 0.251 21.211 11.851 -0.971 0.00
yellow_cone 0.00 0 0.00 0.00 0.00 0.00 0.00 0.358 0.251 0.251 13.470 26.190 -0.971 0.00
yellow_cone 0.00 0 0.00 0.00 0.00 0.00 0.00 0.358 0.251 0.251 31.268 -12.065 -0.971 0.00
yellow_cone 0.00 0 0.00 0.00 0.00 0.00 0.00 0.358 0.251 0.251 26.578 18.305 -0.971 0.00
yellow_cone 0.00 0 0.00 0.00 0.00 0.00 0.00 0.358 0.251 0.251 21.057 0.118 -0.971 0.00
yellow_cone 0.00 0 0.00 0.00 0.00 0.00 0.00 0.358 0.251 0.251 12.957 -9.887 -0.971 0.00
yellow_cone 0.00 0 0.00 0.00 0.00 0.00 0.00 0.358 0.251 0.251 7.712 15.705 -0.971 0.00
yellow_cone 0.00 0 0.00 0.00 0.00 0.00 0.00 0.358 0.251 0.251 7.167 6.040 -0.971 0.00
yellow_cone 0.00 0 0.00 0.00 0.00 0.00 0.00 0.358 0.251 0.251 27.904 -10.178 -0.971 0.00
yellow_cone 0.00 0 0.00 0.00 0.00 0.00 0.00 0.358 0.251 0.251 28.767 1.390 -0.971 0.00
yellow_cone 0.00 0 0.00 0.00 0.00 0.00 0.00 0.358 0.251 0.251 29.909 5.462 -0.971 0.00
yellow_cone 0.00 0 0.00 0.00 0.00 0.00 0.00 0.358 0.251 0.251 25.140 25.643 -0.971 0.00
yellow_cone 0.00 0 0.00 0.00 0.00 0.00 0.00 0.358 0.251 0.251 30.428 8.943 -0.971 0.00
yellow_cone 0.00 0 0.00 0.00 0.00 0.00 0.00 0.358 0.251 0.251 16.181 -9.624 -0.971 0.00
yellow_cone 0.00 0 0.00 0.00 0.00 0.00 0.00 0.358 0.251 0.251 27.805 14.836 -0.971 0.00
yellow_cone 0.00 0 0.00 0.00 0.00 0.00 0.00 0.358 0.251 0.251 15.183 22.405 -0.971 0.00
yellow_cone 0.00 0 0.00 0.00 0.00 0.00 0.00 0.358 0.251 0.251 21.886 4.206 -0.971 0.00
yellow_cone 0.00 0 0.00 0.00 0.00 0.00 0.00 0.358 0.251 0.251 17.045 19.035 -0.971 0.00
yellow_cone 0.00 0 0.00 0.00 0.00 0.00 0.00 0.358 0.251 0.251 10.695 3.861 -0.971 0.00
yellow_cone 0.00 0 0.00 0.00 0.00 0.00 0.00 0.358 0.251 0.251 13.052 29.744 -0.971 0.00
yellow_cone 0.00 0 0.00 0.00 0.00 0.00 0.00 0.358 0.251 0.251 18.426 -7.253 -0.971 0.00
yellow_cone 0.00 0 0.00 0.00 0.00 0.00 0.00 0.358 0.251 0.251 24.228 29.406 -0.971 0.00
yellow_cone 0.00 0 0.00 0.00 0.00 0.00 0.00 0.358 0.251 0.251 19.014 15.702 -0.971 0.00
yellow_cone 0.00 0 0.00 0.00 0.00 0.00 0.00 0.358 0.251 0.251 16.346 33.686 -0.971 0.00
yellow_cone 0.00 0 1362.634 1026.663 1476.632 1178.187 0.00 0.00 0.00 0.00 0.00 0.00 0.00
yellow_cone 0.00 0 405.977 910.962 479.425 998.154 0.00 0.00 0.00 0.00 0.00 0.00 0.00
orange_cone 0.00 0 376.089 834.049 423.015 882.311 0.00 0.00 0.00 0.00 0.00 0.00 0.00
yellow_cone 0.00 0 1759.392 849.791 1808.737 904.234 0.00 0.00 0.00 0.00 0.00 0.00 0.00
orange_cone 0.00 0 1606.351 822.773 1639.303 863.344 0.00 0.00 0.00 0.00 0.00 0.00 0.00
blue_cone 0.00 0 333.965 789.440 357.848 814.742 0.00 0.00 0.00 0.00 0.00 0.00 0.00
yellow_cone 0.00 0 1711.373 797.053 1737.080 826.083 0.00 0.00 0.00 0.00 0.00 0.00 0.00
yellow_cone 0.00 0 408.785 780.261 429.492 804.421 0.00 0.00 0.00 0.00 0.00 0.00 0.00
orange_cone 0.00 0 1024.519 787.113 1044.045 810.551 0.00 0.00 0.00 0.00 0.00 0.00 0.00
yellow_cone 0.00 0 1356.140 792.410 1378.823 818.829 0.00 0.00 0.00 0.00 0.00 0.00 0.00
orange_cone 0.00 0 1287.049 801.884 1312.779 832.074 0.00 0.00 0.00 0.00 0.00 0.00 0.00
orange_cone 0.00 0 1091.311 847.689 1133.765 899.046 0.00 0.00 0.00 0.00 0.00 0.00 0.00
orange_cone 0.00 0 684.575 783.282 703.652 805.506 0.00 0.00 0.00 0.00 0.00 0.00 0.00
blue_cone 0.00 0 799.172 766.244 812.375 782.215 0.00 0.00 0.00 0.00 0.00 0.00 0.00
blue_cone 0.00 0 66.922 790.016 91.170 815.568 0.00 0.00 0.00 0.00 0.00 0.00 0.00
orange_cone 0.00 0 1570.019 806.026 1598.789 838.220 0.00 0.00 0.00 0.00 0.00 0.00 0.00
orange_cone 0.00 0 943.945 795.244 965.463 822.772 0.00 0.00 0.00 0.00 0.00 0.00 0.00
orange_cone 0.00 0 612.070 791.265 635.451 819.637 0.00 0.00 0.00 0.00 0.00 0.00 0.00
yellow_cone 0.00 0 1592.913 768.358 1606.911 784.936 0.00 0.00 0.00 0.00 0.00 0.00 0.00
yellow_cone 0.00 0 1710.165 773.707 1726.509 791.776 0.00 0.00 0.00 0.00 0.00 0.00 0.00
orange_cone 0.00 0 981.080 768.338 992.546 783.760 0.00 0.00 0.00 0.00 0.00 0.00 0.00
blue_cone 0.00 0 547.293 765.700 559.660 780.621 0.00 0.00 0.00 0.00 0.00 0.00 0.00
yellow_cone 0.00 0 1668.027 778.086 1685.303 799.569 0.00 0.00 0.00 0.00 0.00 0.00 0.00
orange_cone 0.00 0 1809.941 815.174 1840.596 853.799 0.00 0.00 0.00 0.00 0.00 0.00 0.00
orange_cone 0.00 0 1402.929 771.199 1417.991 788.605 0.00 0.00 0.00 0.00 0.00 0.00 0.00
yellow_cone 0.00 0 330.155 768.487 347.798 787.500 0.00 0.00 0.00 0.00 0.00 0.00 0.00
orange_cone 0.00 0 1384.449 766.459 1397.583 782.650 0.00 0.00 0.00 0.00 0.00 0.00 0.00
orange_cone 0.00 0 1502.759 770.220 1517.996 788.825 0.00 0.00 0.00 0.00 0.00 0.00 0.00
yellow_cone 0.00 0 125.140 768.947 143.882 787.268 0.00 0.00 0.00 0.00 0.00 0.00 0.00
orange_cone 0.00 0 554.247 811.757 586.096 849.975 0.00 0.00 0.00 0.00 0.00 0.00 0.00
orange_cone 0.00 0 264.903 753.064 274.519 764.488 0.00 0.00 0.00 0.00 0.00 0.00 0.00
yellow_cone 0.00 0 70.738 778.616 89.279 795.913 0.00 0.00 0.00 0.00 0.00 0.00 0.00
orange_cone 0.00 0 943.585 772.301 957.868 789.345 0.00 0.00 0.00 0.00 0.00 0.00 0.00
orange_cone 0.00 0 1138.662 818.739 1170.356 859.629 0.00 0.00 0.00 0.00 0.00 0.00 0.00
yellow_cone 0.00 0 1439.137 778.344 1454.780 797.672 0.00 0.00 0.00 0.00 0.00 0.00 0.00
blue_cone 0.00 0 418.752 756.859 428.519 769.716 0.00 0.00 0.00 0.00 0.00 0.00 0.00
yellow_cone 0.00 0 172.112 747.691 183.538 761.217 0.00 0.00 0.00 0.00 0.00 0.00 0.00
