blue_cone 0.00 0 0.00 0.00 0.00 0.00 0.00 0.358 0.251 0.251 23.230 -5.795 -0.971 0.00
blue_cone 0.00 0 0.00 0.00 0.00 0.00 0.00 0.358 0.251 0.251 11.482 -21.165 -0.971 0.00
blue_cone 0.00 0 0.00 0.00 0.00 0.00 0.00 0.358 0.251 0.251 11.805 16.044 -0.971 0.00
blue_cone 0.00 0 0.00 0.00 0.00 0.00 0.00 0.358 0.251 0.251 15.155 -24.175 -0.971 0.00
blue_cone 0.00 0 0.00 0.00 0.00 0.00 0.00 0.358 0.251 0.251 18.405 -22.030 -0.971 0.00
blue_cone 0.00 0 0.00 0.00 0.00 0.00 0.00 0.358 0.251 0.251 22.052 -9.482 -0.971 0.00
blue_cone 0.00 0 0.00 0.00 0.00 0.00 0.00 0.358 0.251 0.251 7.714 17.772 -0.971 0.00
blue_cone 0.00 0 0.00 0.00 0.00 0.00 0.00 0.358 0.251 0.251 6.830 9.341 -0.971 0.00
blue_cone 0.00 0 0.00 0.00 0.00 0.00 0.00 0.358 0.251 0.251 12.377 -24.558 -0.971 0.00
blue_cone 0.00 0 0.00 0.00 0.00 0.00 0.00 0.358 0.251 0.251 26.559 7.311 -0.971 0.00
blue_cone 0.00 0 0.00 0.00 0.00 0.00 0.00 0.358 0.251 0.251 11.302 11.572 -0.971 0.00
blue_cone 0.00 0 0.00 0.00 0.00 0.00 0.00 0.358 0.251 0.251 6.033 5.235 -0.971 0.00
blue_cone 0.00 0 0.00 0.00 0.00 0.00 0.00 0.358 0.251 0.251 23.690 -2.518 -0.971 0.00
blue_cone 0.00 0 0.00 0.00 0.00 0.00 0.00 0.358 0.251 0.251 13.621 -18.606 -0.971 0.00
blue_cone 0.00 0 0.00 0.00 0.00 0.00 0.00 0.358 0.251 0.251 7.395 -5.765 -0.971 0.00
blue_cone 0.00 0 0.00 0.00 0.00 0.00 0.00 0.358 0.251 0.251 18.635 -13.348 -0.971 0.00
blue_cone 0.00 0 0.00 0.00 0.00 0.00 0.00 0.358 0.251 0.251 10.871 3.408 -0.971 0.00
blue_cone 0.00 0 0.00 0.00 0.00 0.00 0.00 0.358 0.251 0.251 16.472 -15.788 -0.971 0.00
blue_cone 0.00 0 0.00 0.00 0.00 0.00 0.00 0.358 0.251 0.251 13.716 19.854 -0.971 0.00
blue_cone 0.00 0 0.00 0.00 0.00 0.00 0.00 0.358 0.251 0.251 2.779 -3.773 -0.971 0.00
blue_cone 0.00 0 0.00 0.00 0.00 0.00 0.00 0.358 0.251 0.251 9.248 -3.280 -0.971 0.00
blue_cone 0.00 0 0.00 0.00 0.00 0.00 0.00 0.358 0.251 0.251 4.941 -8.349 -0.971 0.00
blue_cone 0.00 0 0.00 0.00 0.00 0.00 0.00 0.358 0.251 0.251 10.414 -0.529 -0.971 0.00
blue_cone 0.00 0 0.00 0.00 0.00 0.00 0.00 0.358 0.251 0.251 7.412 13.425 -0.971 0.00
blue_cone 0.00 0 0.00 0.00 0.00 0.00 0.00 0.358 0.251 0.251 16.536 22.663 -0.971 0.00
blue_cone 0.00 0 0.00 0.00 0.00 0.00 0.00 0.358 0.251 0.251 11.040 7.459 -0.971 0.00
blue_cone 0.00 0 0.00 0.00 0.00 0.00 0.00 0.358 0.251 0.251 4.923 0.762 -0.971 0.00
blue_cone 0.00 0 0.00 0.00 0.00 0.00 0.00 0.358 0.251 0.251 8.163 21.445 -0.971 0.00
blue_cone 0.00 0 0.00 0.00 0.00 0.00 0.00 0.358 0.251 0.251 24.397 0.547 -0.971 0.00
yellow_cone 0.00 0 0.00 0.00 0.00 0.00 0.00 0.358 0.251 0.251 8.703 -19.294 -0.971 0.00
yellow_cone 0.00 0 0.00 0.00 0.00 0.00 0.00 0.358 0.251 0.251 11.337 -16.674 -0.971 0.00
yellow_cone 0.00 0 0.00 0.00 0.00 0.00 0.00 0.358 0.251 0.251 12.056 -4.631 -0.971 0.00
yellow_cone 0.00 0 0.00 0.00 0.00 0.00 0.00 0.358 0.251 0.251 3.924 -13.075 -0.971 0.00
yellow_cone 0.00 0 0.00 0.00 0.00 0.00 0.00 0.358 0.251 0.251 22.835 5.227 -0.971 0.00
yellow_cone 0.00 0 0.00 0.00 0.00 0.00 0.00 0.358 0.251 0.251 3.177 5.570 -0.971 0.00
yellow_cone 0.00 0 0.00 0.00 0.00 0.00 0.00 0.358 0.251 0.251 5.001 14.006 -0.971 0.00
yellow_cone 0.00 0 0.00 0.00 0.00 0.00 0.00 0.358 0.251 0.251 18.046 20.304 -0.971 0.00
yellow_cone 0.00 0 0.00 0.00 0.00 0.00 0.00 0.358 0.251 0.251 2.159 1.786 -0.971 0.00
yellow_cone 0.00 0 0.00 0.00 0.00 0.00 0.00 0.358 0.251 0.251 20.391 -5.359 -0.971 0.00
yellow_cone 0.00 0 0.00 0.00 0.00 0.00 0.00 0.358 0.251 0.251 5.275 18.031 -0.971 0.00
yellow_cone 0.00 0 0.00 0.00 0.00 0.00 0.00 0.358 0.251 0.251 13.439 -0.802 -0.971 0.00
yellow_cone 0.00 0 0.00 0.00 0.00 0.00 0.00 0.358 0.251 0.251 14.674 15.446 -0.971 0.00
yellow_cone 0.00 0 0.00 0.00 0.00 0.00 0.00 0.358 0.251 0.251 8.975 -26.360 -0.971 0.00
yellow_cone 0.00 0 0.00 0.00 0.00 0.00 0.00 0.358 0.251 0.251 21.442 1.727 -0.971 0.00
yellow_cone 0.00 0 0.00 0.00 0.00 0.00 0.00 0.358 0.251 0.251 6.968 -10.592 -0.971 0.00
yellow_cone 0.00 0 0.00 0.00 0.00 0.00 0.00 0.358 0.251 0.251 4.163 9.735 -0.971 0.00
yellow_cone 0.00 0 0.00 0.00 0.00 0.00 0.00 0.358 0.251 0.251 7.164 -22.955 -0.971 0.00
yellow_cone 0.00 0 0.00 0.00 0.00 0.00 0.00 0.358 0.251 0.251 14.143 -13.687 -0.971 0.00
yellow_cone 0.00 0 0.00 0.00 0.00 0.00 0.00 0.358 0.251 0.251 17.304 -10.879 -0.971 0.00
yellow_cone 0.00 0 0.00 0.00 0.00 0.00 0.00 0.358 0.251 0.251 24.198 8.678 -0.971 0.00
yellow_cone 0.00 0 0.00 0.00 0.00 0.00 0.00 0.358 0.251 0.251 19.622 -8.231 -0.971 0.00
yellow_cone 0.00 0 0.00 0.00 0.00 0.00 0.00 0.358 0.251 0.251 20.600 -1.854 -0.971 0.00
yellow_cone 0.00 0 0.00 0.00 0.00 0.00 0.00 0.358 0.251 0.251 14.070 11.335 -0.971 0.00
yellow_cone 0.00 0 0.00 0.00 0.00 0.00 0.00 0.358 0.251 0.251 9.875 -7.599 -0.971 0.00
yellow_cone 0.00 0 0.00 0.00 0.00 0.00 0.00 0.358 0.251 0.251 13.816 7.494 -0.971 0.00
yellow_cone 0.00 0 0.00 0.00 0.00 0.00 0.00 0.358 0.251 0.251 16.244 18.662 -0.971 0.00
yellow_cone 0.00 0 0.00 0.00 0.00 0.00 0.00 0.358 0.251 0.251 25.465 12.337 -0.971 0.00
yellow_cone 0.00 0 0.00 0.00 0.00 0.00 0.00 0.358 0.251 0.251 13.671 3.625 -0.971 0.00
yellow_cone 0.00 0 0.00 0.00 0.00 0.00 0.00 0.358 0.251 0.251 21.145 20.199 -0.971 0.00
blue_cone 0.00 0 1646.032 856.470 1690.900 911.960 0.00 0.00 0.00 0.00 0.00 0.00 0.00
orange_cone 0.00 0 700.209 957.154 796.259 1070.403 0.00 0.00 0.00 0.00 0.00 0.00 0.00
yellow_cone 0.00 0 1717.784 828.433 1758.879 873.560 0.00 0.00 0.00 0.00 0.00 0.00 0.00
blue_cone 0.00 0 1130.922 846.498 1171.579 892.827 0.00 0.00 0.00 0.00 0.00 0.00 0.00
orange_cone 0.00 0 577.466 809.498 611.212 848.576 0.00 0.00 0.00 0.00 0.00 0.00 0.00
blue_cone 0.00 0 468.785 834.185 506.765 881.195 0.00 0.00 0.00 0.00 0.00 0.00 0.00
yellow_cone 0.00 0 1772.082 796.323 1797.374 823.411 0.00 0.00 0.00 0.00 0.00 0.00 0.00
orange_cone 0.00 0 564.541 769.273 579.608 788.556 0.00 0.00 0.00 0.00 0.00 0.00 0.00
blue_cone 0.00 0 1243.032 779.490 1260.814 801.550 0.00 0.00 0.00 0.00 0.00 0.00 0.00
orange_cone 0.00 0 118.532 806.359 146.462 841.070 0.00 0.00 0.00 0.00 0.00 0.00 0.00
yellow_cone 0.00 0 1135.345 819.012 1171.312 866.101 0.00 0.00 0.00 0.00 0.00 0.00 0.00
orange_cone 0.00 0 420.520 772.776 437.468 792.751 0.00 0.00 0.00 0.00 0.00 0.00 0.00
orange_cone 0.00 0 892.981 782.443 912.477 806.786 0.00 0.00 0.00 0.00 0.00 0.00 0.00
yellow_cone 0.00 0 1616.929 768.738 1629.868 784.401 0.00 0.00 0.00 0.00 0.00 0.00 0.00
blue_cone 0.00 0 310.833 764.823 324.430 781.950 0.00 0.00 0.00 0.00 0.00 0.00 0.00
blue_cone 0.00 0 1798.617 787.074 1821.928 810.280 0.00 0.00 0.00 0.00 0.00 0.00 0.00
orange_cone 0.00 0 624.779 776.213 642.671 797.515 0.00 0.00 0.00 0.00 0.00 0.00 0.00
blue_cone 0.00 0 1443.277 765.312 1456.020 780.804 0.00 0.00 0.00 0.00 0.00 0.00 0.00
yellow_cone 0.00 0 1262.425 753.700 1272.953 768.880 0.00 0.00 0.00 0.00 0.00 0.00 0.00
yellow_cone 0.00 0 215.185 769.369 231.143 789.315 0.00 0.00 0.00 0.00 0.00 0.00 0.00
blue_cone 0.00 0 1494.924 782.590 1513.102 803.866 0.00 0.00 0.00 0.00 0.00 0.00 0.00
yellow_cone 0.00 0 1501.148 788.897 1524.764 815.693 0.00 0.00 0.00 0.00 0.00 0.00 0.00
yellow_cone 0.00 0 1519.625 764.802 1531.527 779.733 0.00 0.00 0.00 0.00 0.00 0.00 0.00
