blue_cone 0.00 0 0.00 0.00 0.00 0.00 0.00 0.358 0.251 0.251 27.693 -2.903 -0.971 0.00
blue_cone 0.00 0 0.00 0.00 0.00 0.00 0.00 0.358 0.251 0.251 17.284 -19.210 -0.971 0.00
blue_cone 0.00 0 0.00 0.00 0.00 0.00 0.00 0.358 0.251 0.251 14.467 17.893 -0.971 0.00
blue_cone 0.00 0 0.00 0.00 0.00 0.00 0.00 0.358 0.251 0.251 2.496 -9.117 -0.971 0.00
blue_cone 0.00 0 0.00 0.00 0.00 0.00 0.00 0.358 0.251 0.251 21.198 -21.899 -0.971 0.00
blue_cone 0.00 0 0.00 0.00 0.00 0.00 0.00 0.358 0.251 0.251 24.255 -19.488 -0.971 0.00
blue_cone 0.00 0 0.00 0.00 0.00 0.00 0.00 0.358 0.251 0.251 26.831 -6.677 -0.971 0.00
blue_cone 0.00 0 0.00 0.00 0.00 0.00 0.00 0.358 0.251 0.251 5.106 -11.404 -0.971 0.00
blue_cone 0.00 0 0.00 0.00 0.00 0.00 0.00 0.358 0.251 0.251 10.244 19.270 -0.971 0.00
blue_cone 0.00 0 0.00 0.00 0.00 0.00 0.00 0.358 0.251 0.251 10.075 10.795 -0.971 0.00
blue_cone 0.00 0 0.00 0.00 0.00 0.00 0.00 0.358 0.251 0.251 18.462 -22.515 -0.971 0.00
blue_cone 0.00 0 0.00 0.00 0.00 0.00 0.00 0.358 0.251 0.251 29.905 10.437 -0.971 0.00
blue_cone 0.00 0 0.00 0.00 0.00 0.00 0.00 0.358 0.251 0.251 4.486 -6.235 -0.971 0.00
blue_cone 0.00 0 0.00 0.00 0.00 0.00 0.00 0.358 0.251 0.251 14.343 13.396 -0.971 0.00
blue_cone 0.00 0 0.00 0.00 0.00 0.00 0.00 0.358 0.251 0.251 9.627 6.637 -0.971 0.00
blue_cone 0.00 0 0.00 0.00 0.00 0.00 0.00 0.358 0.251 0.251 27.875 0.400 -0.971 0.00
blue_cone 0.00 0 0.00 0.00 0.00 0.00 0.00 0.358 0.251 0.251 19.200 -16.480 -0.971 0.00
blue_cone 0.00 0 0.00 0.00 0.00 0.00 0.00 0.358 0.251 0.251 11.913 -4.210 -0.971 0.00
blue_cone 0.00 0 0.00 0.00 0.00 0.00 0.00 0.358 0.251 0.251 23.752 -10.817 -0.971 0.00
blue_cone 0.00 0 0.00 0.00 0.00 0.00 0.00 0.358 0.251 0.251 14.602 5.224 -0.971 0.00
blue_cone 0.00 0 0.00 0.00 0.00 0.00 0.00 0.358 0.251 0.251 21.803 -13.431 -0.971 0.00
blue_cone 0.00 0 0.00 0.00 0.00 0.00 0.00 0.358 0.251 0.251 16.049 21.852 -0.971 0.00
blue_cone 0.00 0 0.00 0.00 0.00 0.00 0.00 0.358 0.251 0.251 7.144 -2.614 -0.971 0.00
blue_cone 0.00 0 0.00 0.00 0.00 0.00 0.00 0.358 0.251 0.251 7.066 -9.525 -0.971 0.00
blue_cone 0.00 0 0.00 0.00 0.00 0.00 0.00 0.358 0.251 0.251 13.549 -1.577 -0.971 0.00
blue_cone 0.00 0 0.00 0.00 0.00 0.00 0.00 0.358 0.251 0.251 9.685 -6.991 -0.971 0.00
blue_cone 0.00 0 0.00 0.00 0.00 0.00 0.00 0.358 0.251 0.251 14.479 1.263 -0.971 0.00
blue_cone 0.00 0 0.00 0.00 0.00 0.00 0.00 0.358 0.251 0.251 10.310 14.914 -0.971 0.00
blue_cone 0.00 0 0.00 0.00 0.00 0.00 0.00 0.358 0.251 0.251 18.623 24.888 -0.971 0.00
blue_cone 0.00 0 0.00 0.00 0.00 0.00 0.00 0.358 0.251 0.251 14.428 9.275 -0.971 0.00
blue_cone 0.00 0 0.00 0.00 0.00 0.00 0.00 0.358 0.251 0.251 8.898 2.086 -0.971 0.00
blue_cone 0.00 0 0.00 0.00 0.00 0.00 0.00 0.358 0.251 0.251 10.382 22.968 -0.971 0.00
blue_cone 0.00 0 0.00 0.00 0.00 0.00 0.00 0.358 0.251 0.251 28.321 3.514 -0.971 0.00
blue_cone 0.00 0 0.00 0.00 0.00 0.00 0.00 0.358 0.251 0.251 8.383 31.113 -0.971 0.00
yellow_cone 0.00 0 0.00 0.00 0.00 0.00 0.00 0.358 0.251 0.251 3.602 11.088 -0.971 0.00
yellow_cone 0.00 0 0.00 0.00 0.00 0.00 0.00 0.358 0.251 0.251 14.357 -17.580 -0.971 0.00
yellow_cone 0.00 0 0.00 0.00 0.00 0.00 0.00 0.358 0.251 0.251 16.760 -14.748 -0.971 0.00
yellow_cone 0.00 0 0.00 0.00 0.00 0.00 0.00 0.358 0.251 0.251 16.461 -2.686 -0.971 0.00
yellow_cone 0.00 0 0.00 0.00 0.00 0.00 0.00 0.358 0.251 0.251 9.071 -11.787 -0.971 0.00
yellow_cone 0.00 0 0.00 0.00 0.00 0.00 0.00 0.358 0.251 0.251 1.947 -4.463 -0.971 0.00
yellow_cone 0.00 0 0.00 0.00 0.00 0.00 0.00 0.358 0.251 0.251 26.370 8.046 -0.971 0.00
yellow_cone 0.00 0 0.00 0.00 0.00 0.00 0.00 0.358 0.251 0.251 6.753 6.730 -0.971 0.00
yellow_cone 0.00 0 0.00 0.00 0.00 0.00 0.00 0.358 0.251 0.251 7.859 15.289 -0.971 0.00
yellow_cone 0.00 0 0.00 0.00 0.00 0.00 0.00 0.358 0.251 0.251 20.326 22.665 -0.971 0.00
yellow_cone 0.00 0 0.00 0.00 0.00 0.00 0.00 0.358 0.251 0.251 6.058 2.873 -0.971 0.00
yellow_cone 0.00 0 0.00 0.00 0.00 0.00 0.00 0.358 0.251 0.251 24.828 -2.709 -0.971 0.00
yellow_cone 0.00 0 0.00 0.00 0.00 0.00 0.00 0.358 0.251 0.251 7.803 23.444 -0.971 0.00
yellow_cone 0.00 0 0.00 0.00 0.00 0.00 0.00 0.358 0.251 0.251 7.792 19.323 -0.971 0.00
yellow_cone 0.00 0 0.00 0.00 0.00 0.00 0.00 0.358 0.251 0.251 3.461 6.749 -0.971 0.00
yellow_cone 0.00 0 0.00 0.00 0.00 0.00 0.00 0.358 0.251 0.251 17.516 1.245 -0.971 0.00
yellow_cone 0.00 0 0.00 0.00 0.00 0.00 0.00 0.358 0.251 0.251 17.376 17.540 -0.971 0.00
yellow_cone 0.00 0 0.00 0.00 0.00 0.00 0.00 0.358 0.251 0.251 15.224 -24.598 -0.971 0.00
yellow_cone 0.00 0 0.00 0.00 0.00 0.00 0.00 0.358 0.251 0.251 25.277 4.441 -0.971 0.00
yellow_cone 0.00 0 0.00 0.00 0.00 0.00 0.00 0.358 0.251 0.251 11.894 -9.055 -0.971 0.00
yellow_cone 0.00 0 0.00 0.00 0.00 0.00 0.00 0.358 0.251 0.251 7.384 10.963 -0.971 0.00
yellow_cone 0.00 0 0.00 0.00 0.00 0.00 0.00 0.358 0.251 0.251 2.385 2.674 -0.971 0.00
yellow_cone 0.00 0 0.00 0.00 0.00 0.00 0.00 0.358 0.251 0.251 13.132 -21.358 -0.971 0.00
yellow_cone 0.00 0 0.00 0.00 0.00 0.00 0.00 0.358 0.251 0.251 19.304 -11.535 -0.971 0.00
yellow_cone 0.00 0 0.00 0.00 0.00 0.00 0.00 0.358 0.251 0.251 22.217 -8.469 -0.971 0.00
yellow_cone 0.00 0 0.00 0.00 0.00 0.00 0.00 0.358 0.251 0.251 27.437 11.600 -0.971 0.00
yellow_cone 0.00 0 0.00 0.00 0.00 0.00 0.00 0.358 0.251 0.251 24.304 -5.635 -0.971 0.00
yellow_cone 0.00 0 0.00 0.00 0.00 0.00 0.00 0.358 0.251 0.251 24.741 0.801 -0.971 0.00
yellow_cone 0.00 0 0.00 0.00 0.00 0.00 0.00 0.358 0.251 0.251 17.121 13.393 -0.971 0.00
yellow_cone 0.00 0 0.00 0.00 0.00 0.00 0.00 0.358 0.251 0.251 14.538 -5.828 -0.971 0.00
yellow_cone 0.00 0 0.00 0.00 0.00 0.00 0.00 0.358 0.251 0.251 17.192 9.544 -0.971 0.00
yellow_cone 0.00 0 0.00 0.00 0.00 0.00 0.00 0.358 0.251 0.251 4.484 -0.902 -0.971 0.00
yellow_cone 0.00 0 0.00 0.00 0.00 0.00 0.00 0.358 0.251 0.251 18.669 20.877 -0.971 0.00
yellow_cone 0.00 0 0.00 0.00 0.00 0.00 0.00 0.358 0.251 0.251 6.122 -14.340 -0.971 0.00
yellow_cone 0.00 0 0.00 0.00 0.00 0.00 0.00 0.358 0.251 0.251 28.390 15.353 -0.971 0.00
yellow_cone 0.00 0 0.00 0.00 0.00 0.00 0.00 0.358 0.251 0.251 17.374 5.676 -0.971 0.00
yellow_cone 0.00 0 0.00 0.00 0.00 0.00 0.00 0.358 0.251 0.251 23.423 22.821 -0.971 0.00
orange_cone 0.00 0 167.325 922.450 245.359 1009.803 0.00 0.00 0.00 0.00 0.00 0.00 0.00
orange_cone 0.00 0 1312.287 986.931 1414.291 1105.985 0.00 0.00 0.00 0.00 0.00 0.00 0.00
orange_cone 0.00 0 1617.729 897.302 1675.559 970.983 0.00 0.00 0.00 0.00 0.00 0.00 0.00
orange_cone 0.00 0 1631.193 836.729 1669.628 881.593 0.00 0.00 0.00 0.00 0.00 0.00 0.00
orange_cone 0.00 0 1711.937 820.080 1742.641 854.695 0.00 0.00 0.00 0.00 0.00 0.00 0.00
blue_cone 0.00 0 866.333 819.969 898.925 855.786 0.00 0.00 0.00 0.00 0.00 0.00 0.00
blue_cone 0.00 0 384.072 817.744 414.864 852.762 0.00 0.00 0.00 0.00 0.00 0.00 0.00
blue_cone 0.00 0 1219.171 825.794 1249.306 863.353 0.00 0.00 0.00 0.00 0.00 0.00 0.00
orange_cone 0.00 0 579.596 865.761 629.653 924.566 0.00 0.00 0.00 0.00 0.00 0.00 0.00
orange_cone 0.00 0 80.232 803.218 103.633 831.217 0.00 0.00 0.00 0.00 0.00 0.00 0.00
orange_cone 0.00 0 454.395 803.292 480.207 833.329 0.00 0.00 0.00 0.00 0.00 0.00 0.00
yellow_cone 0.00 0 977.243 785.655 994.941 808.131 0.00 0.00 0.00 0.00 0.00 0.00 0.00
yellow_cone 0.00 0 888.143 806.438 913.978 838.484 0.00 0.00 0.00 0.00 0.00 0.00 0.00
blue_cone 0.00 0 1006.349 781.893 1020.392 800.289 0.00 0.00 0.00 0.00 0.00 0.00 0.00
orange_cone 0.00 0 1876.554 782.717 1891.452 800.814 0.00 0.00 0.00 0.00 0.00 0.00 0.00
yellow_cone 0.00 0 1431.761 790.274 1450.873 813.956 0.00 0.00 0.00 0.00 0.00 0.00 0.00
orange_cone 0.00 0 418.153 775.378 433.176 794.223 0.00 0.00 0.00 0.00 0.00 0.00 0.00
yellow_cone 0.00 0 1692.048 798.716 1711.092 819.966 0.00 0.00 0.00 0.00 0.00 0.00 0.00
yellow_cone 0.00 0 1213.284 788.202 1231.622 808.304 0.00 0.00 0.00 0.00 0.00 0.00 0.00
orange_cone 0.00 0 476.620 775.335 494.323 797.952 0.00 0.00 0.00 0.00 0.00 0.00 0.00
yellow_cone 0.00 0 1315.788 810.765 1344.196 842.927 0.00 0.00 0.00 0.00 0.00 0.00 0.00
blue_cone 0.00 0 1492.308 775.538 1506.171 793.352 0.00 0.00 0.00 0.00 0.00 0.00 0.00
blue_cone 0.00 0 1312.546 773.787 1323.326 787.653 0.00 0.00 0.00 0.00 0.00 0.00 0.00
yellow_cone 0.00 0 103.848 775.017 118.941 794.755 0.00 0.00 0.00 0.00 0.00 0.00 0.00
yellow_cone 0.00 0 1510.871 774.183 1524.858 791.326 0.00 0.00 0.00 0.00 0.00 0.00 0.00
yellow_cone 0.00 0 1716.085 775.676 1730.829 792.711 0.00 0.00 0.00 0.00 0.00 0.00 0.00
orange_cone 0.00 0 213.553 766.880 224.521 779.723 0.00 0.00 0.00 0.00 0.00 0.00 0.00
blue_cone 0.00 0 1470.771 785.717 1488.514 805.048 0.00 0.00 0.00 0.00 0.00 0.00 0.00
