blue_cone 0.00 0 0.00 0.00 0.00 0.00 0.00 0.358 0.251 0.251 23.239 -5.790 -0.971 0.00
blue_cone 0.00 0 0.00 0.00 0.00 0.00 0.00 0.358 0.251 0.251 11.491 -21.161 -0.971 0.00
blue_cone 0.00 0 0.00 0.00 0.00 0.00 0.00 0.358 0.251 0.251 11.815 16.048 -0.971 0.00
blue_cone 0.00 0 0.00 0.00 0.00 0.00 0.00 0.358 0.251 0.251 15.164 -24.170 -0.971 0.00
blue_cone 0.00 0 0.00 0.00 0.00 0.00 0.00 0.358 0.251 0.251 18.414 -22.026 -0.971 0.00
blue_cone 0.00 0 0.00 0.00 0.00 0.00 0.00 0.358 0.251 0.251 22.062 -9.477 -0.971 0.00
blue_cone 0.00 0 0.00 0.00 0.00 0.00 0.00 0.358 0.251 0.251 7.723 17.777 -0.971 0.00
blue_cone 0.00 0 0.00 0.00 0.00 0.00 0.00 0.358 0.251 0.251 6.839 9.345 -0.971 0.00
blue_cone 0.00 0 0.00 0.00 0.00 0.00 0.00 0.358 0.251 0.251 12.386 -24.553 -0.971 0.00
blue_cone 0.00 0 0.00 0.00 0.00 0.00 0.00 0.358 0.251 0.251 26.568 7.316 -0.971 0.00
blue_cone 0.00 0 0.00 0.00 0.00 0.00 0.00 0.358 0.251 0.251 11.312 11.577 -0.971 0.00
blue_cone 0.00 0 0.00 0.00 0.00 0.00 0.00 0.358 0.251 0.251 6.043 5.240 -0.971 0.00
blue_cone 0.00 0 0.00 0.00 0.00 0.00 0.00 0.358 0.251 0.251 23.699 -2.514 -0.971 0.00
blue_cone 0.00 0 0.00 0.00 0.00 0.00 0.00 0.358 0.251 0.251 13.630 -18.602 -0.971 0.00
blue_cone 0.00 0 0.00 0.00 0.00 0.00 0.00 0.358 0.251 0.251 7.404 -5.761 -0.971 0.00
blue_cone 0.00 0 0.00 0.00 0.00 0.00 0.00 0.358 0.251 0.251 18.644 -13.343 -0.971 0.00
blue_cone 0.00 0 0.00 0.00 0.00 0.00 0.00 0.358 0.251 0.251 10.880 3.413 -0.971 0.00
blue_cone 0.00 0 0.00 0.00 0.00 0.00 0.00 0.358 0.251 0.251 16.481 -15.784 -0.971 0.00
blue_cone 0.00 0 0.00 0.00 0.00 0.00 0.00 0.358 0.251 0.251 13.725 19.859 -0.971 0.00
blue_cone 0.00 0 0.00 0.00 0.00 0.00 0.00 0.358 0.251 0.251 2.788 -3.768 -0.971 0.00
blue_cone 0.00 0 0.00 0.00 0.00 0.00 0.00 0.358 0.251 0.251 9.257 -3.275 -0.971 0.00
blue_cone 0.00 0 0.00 0.00 0.00 0.00 0.00 0.358 0.251 0.251 4.951 -8.344 -0.971 0.00
blue_cone 0.00 0 0.00 0.00 0.00 0.00 0.00 0.358 0.251 0.251 10.423 -0.524 -0.971 0.00
blue_cone 0.00 0 0.00 0.00 0.00 0.00 0.00 0.358 0.251 0.251 7.421 13.430 -0.971 0.00
blue_cone 0.00 0 0.00 0.00 0.00 0.00 0.00 0.358 0.251 0.251 16.546 22.668 -0.971 0.00
blue_cone 0.00 0 0.00 0.00 0.00 0.00 0.00 0.358 0.251 0.251 11.049 7.464 -0.971 0.00
blue_cone 0.00 0 0.00 0.00 0.00 0.00 0.00 0.358 0.251 0.251 4.932 0.767 -0.971 0.00
blue_cone 0.00 0 0.00 0.00 0.00 0.00 0.00 0.358 0.251 0.251 8.173 21.449 -0.971 0.00
blue_cone 0.00 0 0.00 0.00 0.00 0.00 0.00 0.358 0.251 0.251 24.406 0.551 -0.971 0.00
yellow_cone 0.00 0 0.00 0.00 0.00 0.00 0.00 0.358 0.251 0.251 8.712 -19.289 -0.971 0.00
yellow_cone 0.00 0 0.00 0.00 0.00 0.00 0.00 0.358 0.251 0.251 11.346 -16.670 -0.971 0.00
yellow_cone 0.00 0 0.00 0.00 0.00 0.00 0.00 0.358 0.251 0.251 12.065 -4.626 -0.971 0.00
yellow_cone 0.00 0 0.00 0.00 0.00 0.00 0.00 0.358 0.251 0.251 3.934 -13.070 -0.971 0.00
yellow_cone 0.00 0 0.00 0.00 0.00 0.00 0.00 0.358 0.251 0.251 22.844 5.232 -0.971 0.00
yellow_cone 0.00 0 0.00 0.00 0.00 0.00 0.00 0.358 0.251 0.251 3.186 5.575 -0.971 0.00
yellow_cone 0.00 0 0.00 0.00 0.00 0.00 0.00 0.358 0.251 0.251 5.011 14.010 -0.971 0.00
yellow_cone 0.00 0 0.00 0.00 0.00 0.00 0.00 0.358 0.251 0.251 18.055 20.309 -0.971 0.00
yellow_cone 0.00 0 0.00 0.00 0.00 0.00 0.00 0.358 0.251 0.251 2.169 1.791 -0.971 0.00
yellow_cone 0.00 0 0.00 0.00 0.00 0.00 0.00 0.358 0.251 0.251 20.401 -5.355 -0.971 0.00
yellow_cone 0.00 0 0.00 0.00 0.00 0.00 0.00 0.358 0.251 0.251 5.284 18.036 -0.971 0.00
yellow_cone 0.00 0 0.00 0.00 0.00 0.00 0.00 0.358 0.251 0.251 13.448 -0.798 -0.971 0.00
yellow_cone 0.00 0 0.00 0.00 0.00 0.00 0.00 0.358 0.251 0.251 14.684 15.451 -0.971 0.00
yellow_cone 0.00 0 0.00 0.00 0.00 0.00 0.00 0.358 0.251 0.251 8.984 -26.355 -0.971 0.00
yellow_cone 0.00 0 0.00 0.00 0.00 0.00 0.00 0.358 0.251 0.251 21.451 1.732 -0.971 0.00
yellow_cone 0.00 0 0.00 0.00 0.00 0.00 0.00 0.358 0.251 0.251 6.977 -10.587 -0.971 0.00
yellow_cone 0.00 0 0.00 0.00 0.00 0.00 0.00 0.358 0.251 0.251 4.173 9.740 -0.971 0.00
yellow_cone 0.00 0 0.00 0.00 0.00 0.00 0.00 0.358 0.251 0.251 7.173 -22.950 -0.971 0.00
yellow_cone 0.00 0 0.00 0.00 0.00 0.00 0.00 0.358 0.251 0.251 14.152 -13.683 -0.971 0.00
yellow_cone 0.00 0 0.00 0.00 0.00 0.00 0.00 0.358 0.251 0.251 17.313 -10.874 -0.971 0.00
yellow_cone 0.00 0 0.00 0.00 0.00 0.00 0.00 0.358 0.251 0.251 24.207 8.683 -0.971 0.00
yellow_cone 0.00 0 0.00 0.00 0.00 0.00 0.00 0.358 0.251 0.251 19.631 -8.226 -0.971 0.00
yellow_cone 0.00 0 0.00 0.00 0.00 0.00 0.00 0.358 0.251 0.251 20.610 -1.850 -0.971 0.00
yellow_cone 0.00 0 0.00 0.00 0.00 0.00 0.00 0.358 0.251 0.251 14.079 11.340 -0.971 0.00
yellow_cone 0.00 0 0.00 0.00 0.00 0.00 0.00 0.358 0.251 0.251 9.884 -7.595 -0.971 0.00
yellow_cone 0.00 0 0.00 0.00 0.00 0.00 0.00 0.358 0.251 0.251 13.825 7.499 -0.971 0.00
yellow_cone 0.00 0 0.00 0.00 0.00 0.00 0.00 0.358 0.251 0.251 16.253 18.667 -0.971 0.00
yellow_cone 0.00 0 0.00 0.00 0.00 0.00 0.00 0.358 0.251 0.251 25.474 12.342 -0.971 0.00
yellow_cone 0.00 0 0.00 0.00 0.00 0.00 0.00 0.358 0.251 0.251 13.680 3.629 -0.971 0.00
yellow_cone 0.00 0 0.00 0.00 0.00 0.00 0.00 0.358 0.251 0.251 21.155 20.203 -0.971 0.00
orange_cone 0.00 0 700.360 957.294 795.556 1070.299 0.00 0.00 0.00 0.00 0.00 0.00 0.00
blue_cone 0.00 0 1646.178 856.271 1691.463 911.938 0.00 0.00 0.00 0.00 0.00 0.00 0.00
yellow_cone 0.00 0 1717.680 828.373 1758.684 873.503 0.00 0.00 0.00 0.00 0.00 0.00 0.00
blue_cone 0.00 0 1130.891 845.867 1171.454 892.803 0.00 0.00 0.00 0.00 0.00 0.00 0.00
orange_cone 0.00 0 577.407 809.610 611.042 848.583 0.00 0.00 0.00 0.00 0.00 0.00 0.00
blue_cone 0.00 0 468.949 833.994 506.900 881.387 0.00 0.00 0.00 0.00 0.00 0.00 0.00
yellow_cone 0.00 0 1771.646 795.852 1797.404 823.474 0.00 0.00 0.00 0.00 0.00 0.00 0.00
orange_cone 0.00 0 564.377 768.933 579.726 788.540 0.00 0.00 0.00 0.00 0.00 0.00 0.00
blue_cone 0.00 0 1242.871 779.762 1261.040 801.825 0.00 0.00 0.00 0.00 0.00 0.00 0.00
orange_cone 0.00 0 118.684 806.479 146.564 840.913 0.00 0.00 0.00 0.00 0.00 0.00 0.00
yellow_cone 0.00 0 1134.962 819.046 1171.316 868.192 0.00 0.00 0.00 0.00 0.00 0.00 0.00
orange_cone 0.00 0 892.579 782.258 912.675 807.172 0.00 0.00 0.00 0.00 0.00 0.00 0.00
blue_cone 0.00 0 1797.774 786.782 1821.708 810.183 0.00 0.00 0.00 0.00 0.00 0.00 0.00
orange_cone 0.00 0 420.262 772.383 437.223 792.481 0.00 0.00 0.00 0.00 0.00 0.00 0.00
blue_cone 0.00 0 310.484 764.680 324.473 782.189 0.00 0.00 0.00 0.00 0.00 0.00 0.00
blue_cone 0.00 0 1443.248 765.092 1456.173 780.597 0.00 0.00 0.00 0.00 0.00 0.00 0.00
orange_cone 0.00 0 624.623 776.594 642.635 797.688 0.00 0.00 0.00 0.00 0.00 0.00 0.00
yellow_cone 0.00 0 1617.105 769.099 1630.375 784.819 0.00 0.00 0.00 0.00 0.00 0.00 0.00
yellow_cone 0.00 0 215.045 769.282 231.333 789.303 0.00 0.00 0.00 0.00 0.00 0.00 0.00
yellow_cone 0.00 0 1262.276 753.601 1272.757 768.730 0.00 0.00 0.00 0.00 0.00 0.00 0.00
yellow_cone 0.00 0 1501.553 788.989 1524.869 815.644 0.00 0.00 0.00 0.00 0.00 0.00 0.00
blue_cone 0.00 0 1494.778 782.256 1512.558 803.578 0.00 0.00 0.00 0.00 0.00 0.00 0.00
yellow_cone 0.00 0 1519.526 765.040 1531.655 779.973 0.00 0.00 0.00 0.00 0.00 0.00 0.00
