blue_cone 0.00 0 0.00 0.00 0.00 0.00 0.00 0.358 0.251 0.251 23.240 -5.789 -0.971 0.00
blue_cone 0.00 0 0.00 0.00 0.00 0.00 0.00 0.358 0.251 0.251 11.495 -21.162 -0.971 0.00
blue_cone 0.00 0 0.00 0.00 0.00 0.00 0.00 0.358 0.251 0.251 11.811 16.047 -0.971 0.00
blue_cone 0.00 0 0.00 0.00 0.00 0.00 0.00 0.358 0.251 0.251 15.169 -24.171 -0.971 0.00
blue_cone 0.00 0 0.00 0.00 0.00 0.00 0.00 0.358 0.251 0.251 18.419 -22.025 -0.971 0.00
blue_cone 0.00 0 0.00 0.00 0.00 0.00 0.00 0.358 0.251 0.251 22.063 -9.476 -0.971 0.00
blue_cone 0.00 0 0.00 0.00 0.00 0.00 0.00 0.358 0.251 0.251 7.719 17.775 -0.971 0.00
blue_cone 0.00 0 0.00 0.00 0.00 0.00 0.00 0.358 0.251 0.251 6.837 9.343 -0.971 0.00
blue_cone 0.00 0 0.00 0.00 0.00 0.00 0.00 0.358 0.251 0.251 12.391 -24.554 -0.971 0.00
blue_cone 0.00 0 0.00 0.00 0.00 0.00 0.00 0.358 0.251 0.251 26.566 7.318 -0.971 0.00
blue_cone 0.00 0 0.00 0.00 0.00 0.00 0.00 0.358 0.251 0.251 11.309 11.576 -0.971 0.00
blue_cone 0.00 0 0.00 0.00 0.00 0.00 0.00 0.358 0.251 0.251 6.041 5.238 -0.971 0.00
blue_cone 0.00 0 0.00 0.00 0.00 0.00 0.00 0.358 0.251 0.251 23.699 -2.512 -0.971 0.00
blue_cone 0.00 0 0.00 0.00 0.00 0.00 0.00 0.358 0.251 0.251 13.634 -18.602 -0.971 0.00
blue_cone 0.00 0 0.00 0.00 0.00 0.00 0.00 0.358 0.251 0.251 7.405 -5.763 -0.971 0.00
blue_cone 0.00 0 0.00 0.00 0.00 0.00 0.00 0.358 0.251 0.251 18.646 -13.343 -0.971 0.00
blue_cone 0.00 0 0.00 0.00 0.00 0.00 0.00 0.358 0.251 0.251 10.879 3.411 -0.971 0.00
blue_cone 0.00 0 0.00 0.00 0.00 0.00 0.00 0.358 0.251 0.251 16.485 -15.784 -0.971 0.00
blue_cone 0.00 0 0.00 0.00 0.00 0.00 0.00 0.358 0.251 0.251 13.721 19.858 -0.971 0.00
blue_cone 0.00 0 0.00 0.00 0.00 0.00 0.00 0.358 0.251 0.251 2.789 -3.772 -0.971 0.00
blue_cone 0.00 0 0.00 0.00 0.00 0.00 0.00 0.358 0.251 0.251 9.257 -3.277 -0.971 0.00
blue_cone 0.00 0 0.00 0.00 0.00 0.00 0.00 0.358 0.251 0.251 4.952 -8.347 -0.971 0.00
blue_cone 0.00 0 0.00 0.00 0.00 0.00 0.00 0.358 0.251 0.251 10.423 -0.525 -0.971 0.00
blue_cone 0.00 0 0.00 0.00 0.00 0.00 0.00 0.358 0.251 0.251 7.418 13.428 -0.971 0.00
blue_cone 0.00 0 0.00 0.00 0.00 0.00 0.00 0.358 0.251 0.251 16.541 22.668 -0.971 0.00
blue_cone 0.00 0 0.00 0.00 0.00 0.00 0.00 0.358 0.251 0.251 11.047 7.462 -0.971 0.00
blue_cone 0.00 0 0.00 0.00 0.00 0.00 0.00 0.358 0.251 0.251 4.932 0.764 -0.971 0.00
blue_cone 0.00 0 0.00 0.00 0.00 0.00 0.00 0.358 0.251 0.251 8.167 21.447 -0.971 0.00
blue_cone 0.00 0 0.00 0.00 0.00 0.00 0.00 0.358 0.251 0.251 24.406 0.553 -0.971 0.00
yellow_cone 0.00 0 0.00 0.00 0.00 0.00 0.00 0.358 0.251 0.251 8.716 -19.291 -0.971 0.00
yellow_cone 0.00 0 0.00 0.00 0.00 0.00 0.00 0.358 0.251 0.251 11.349 -16.671 -0.971 0.00
yellow_cone 0.00 0 0.00 0.00 0.00 0.00 0.00 0.358 0.251 0.251 12.066 -4.627 -0.971 0.00
yellow_cone 0.00 0 0.00 0.00 0.00 0.00 0.00 0.358 0.251 0.251 3.936 -13.073 -0.971 0.00
yellow_cone 0.00 0 0.00 0.00 0.00 0.00 0.00 0.358 0.251 0.251 22.843 5.233 -0.971 0.00
yellow_cone 0.00 0 0.00 0.00 0.00 0.00 0.00 0.358 0.251 0.251 3.185 5.572 -0.971 0.00
yellow_cone 0.00 0 0.00 0.00 0.00 0.00 0.00 0.358 0.251 0.251 5.007 14.008 -0.971 0.00
yellow_cone 0.00 0 0.00 0.00 0.00 0.00 0.00 0.358 0.251 0.251 18.050 20.309 -0.971 0.00
yellow_cone 0.00 0 0.00 0.00 0.00 0.00 0.00 0.358 0.251 0.251 2.168 1.788 -0.971 0.00
yellow_cone 0.00 0 0.00 0.00 0.00 0.00 0.00 0.358 0.251 0.251 20.402 -5.354 -0.971 0.00
yellow_cone 0.00 0 0.00 0.00 0.00 0.00 0.00 0.358 0.251 0.251 5.280 18.033 -0.971 0.00
yellow_cone 0.00 0 0.00 0.00 0.00 0.00 0.00 0.358 0.251 0.251 13.448 -0.798 -0.971 0.00
yellow_cone 0.00 0 0.00 0.00 0.00 0.00 0.00 0.358 0.251 0.251 14.680 15.450 -0.971 0.00
yellow_cone 0.00 0 0.00 0.00 0.00 0.00 0.00 0.358 0.251 0.251 8.990 -26.357 -0.971 0.00
yellow_cone 0.00 0 0.00 0.00 0.00 0.00 0.00 0.358 0.251 0.251 21.451 1.733 -0.971 0.00
yellow_cone 0.00 0 0.00 0.00 0.00 0.00 0.00 0.358 0.251 0.251 6.979 -10.589 -0.971 0.00
yellow_cone 0.00 0 0.00 0.00 0.00 0.00 0.00 0.358 0.251 0.251 4.170 9.737 -0.971 0.00
yellow_cone 0.00 0 0.00 0.00 0.00 0.00 0.00 0.358 0.251 0.251 7.178 -22.952 -0.971 0.00
yellow_cone 0.00 0 0.00 0.00 0.00 0.00 0.00 0.358 0.251 0.251 14.155 -13.683 -0.971 0.00
yellow_cone 0.00 0 0.00 0.00 0.00 0.00 0.00 0.358 0.251 0.251 17.315 -10.874 -0.971 0.00
yellow_cone 0.00 0 0.00 0.00 0.00 0.00 0.00 0.358 0.251 0.251 24.205 8.684 -0.971 0.00
yellow_cone 0.00 0 0.00 0.00 0.00 0.00 0.00 0.358 0.251 0.251 19.633 -8.226 -0.971 0.00
yellow_cone 0.00 0 0.00 0.00 0.00 0.00 0.00 0.358 0.251 0.251 20.610 -1.849 -0.971 0.00
yellow_cone 0.00 0 0.00 0.00 0.00 0.00 0.00 0.358 0.251 0.251 14.077 11.339 -0.971 0.00
yellow_cone 0.00 0 0.00 0.00 0.00 0.00 0.00 0.358 0.251 0.251 9.885 -7.596 -0.971 0.00
yellow_cone 0.00 0 0.00 0.00 0.00 0.00 0.00 0.358 0.251 0.251 13.823 7.498 -0.971 0.00
yellow_cone 0.00 0 0.00 0.00 0.00 0.00 0.00 0.358 0.251 0.251 16.249 18.666 -0.971 0.00
yellow_cone 0.00 0 0.00 0.00 0.00 0.00 0.00 0.358 0.251 0.251 25.471 12.344 -0.971 0.00
yellow_cone 0.00 0 0.00 0.00 0.00 0.00 0.00 0.358 0.251 0.251 13.679 3.629 -0.971 0.00
yellow_cone 0.00 0 0.00 0.00 0.00 0.00 0.00 0.358 0.251 0.251 21.150 20.204 -0.971 0.00
orange_cone 0.00 0 699.805 957.487 795.904 1070.603 0.00 0.00 0.00 0.00 0.00 0.00 0.00
blue_cone 0.00 0 1646.082 856.615 1691.306 912.230 0.00 0.00 0.00 0.00 0.00 0.00 0.00
yellow_cone 0.00 0 1717.577 828.404 1758.914 873.626 0.00 0.00 0.00 0.00 0.00 0.00 0.00
blue_cone 0.00 0 1131.182 846.180 1171.162 892.898 0.00 0.00 0.00 0.00 0.00 0.00 0.00
orange_cone 0.00 0 577.585 809.618 611.251 848.501 0.00 0.00 0.00 0.00 0.00 0.00 0.00
blue_cone 0.00 0 468.760 834.084 506.797 881.301 0.00 0.00 0.00 0.00 0.00 0.00 0.00
yellow_cone 0.00 0 1771.830 795.897 1797.773 823.624 0.00 0.00 0.00 0.00 0.00 0.00 0.00
orange_cone 0.00 0 564.336 769.160 579.717 788.774 0.00 0.00 0.00 0.00 0.00 0.00 0.00
blue_cone 0.00 0 1243.142 780.065 1260.998 802.065 0.00 0.00 0.00 0.00 0.00 0.00 0.00
orange_cone 0.00 0 118.566 806.779 146.579 841.114 0.00 0.00 0.00 0.00 0.00 0.00 0.00
orange_cone 0.00 0 892.864 782.326 912.798 807.056 0.00 0.00 0.00 0.00 0.00 0.00 0.00
orange_cone 0.00 0 420.453 772.851 437.420 792.835 0.00 0.00 0.00 0.00 0.00 0.00 0.00
yellow_cone 0.00 0 1135.519 818.856 1170.848 866.721 0.00 0.00 0.00 0.00 0.00 0.00 0.00
blue_cone 0.00 0 310.826 764.971 324.584 782.164 0.00 0.00 0.00 0.00 0.00 0.00 0.00
yellow_cone 0.00 0 1616.950 769.016 1630.015 784.386 0.00 0.00 0.00 0.00 0.00 0.00 0.00
blue_cone 0.00 0 1798.263 786.721 1822.270 810.510 0.00 0.00 0.00 0.00 0.00 0.00 0.00
blue_cone 0.00 0 1442.898 765.169 1455.703 780.949 0.00 0.00 0.00 0.00 0.00 0.00 0.00
orange_cone 0.00 0 624.719 776.450 642.712 797.678 0.00 0.00 0.00 0.00 0.00 0.00 0.00
yellow_cone 0.00 0 1261.397 753.863 1272.686 769.251 0.00 0.00 0.00 0.00 0.00 0.00 0.00
yellow_cone 0.00 0 214.986 769.482 231.182 789.321 0.00 0.00 0.00 0.00 0.00 0.00 0.00
blue_cone 0.00 0 1494.863 782.666 1512.831 803.930 0.00 0.00 0.00 0.00 0.00 0.00 0.00
yellow_cone 0.00 0 1519.516 764.910 1531.510 779.701 0.00 0.00 0.00 0.00 0.00 0.00 0.00
yellow_cone 0.00 0 1501.478 789.212 1524.700 815.745 0.00 0.00 0.00 0.00 0.00 0.00 0.00
