blue_cone 0.00 0 0.00 0.00 0.00 0.00 0.00 0.358 0.251 0.251 23.484 -5.187 -0.971 0.00
blue_cone 0.00 0 0.00 0.00 0.00 0.00 0.00 0.358 0.251 0.251 12.120 -20.843 -0.971 0.00
blue_cone 0.00 0 0.00 0.00 0.00 0.00 0.00 0.358 0.251 0.251 11.522 16.362 -0.971 0.00
blue_cone 0.00 0 0.00 0.00 0.00 0.00 0.00 0.358 0.251 0.251 15.867 -23.761 -0.971 0.00
blue_cone 0.00 0 0.00 0.00 0.00 0.00 0.00 0.358 0.251 0.251 19.062 -21.537 -0.971 0.00
blue_cone 0.00 0 0.00 0.00 0.00 0.00 0.00 0.358 0.251 0.251 22.398 -8.902 -0.971 0.00
blue_cone 0.00 0 0.00 0.00 0.00 0.00 0.00 0.358 0.251 0.251 7.389 17.989 -0.971 0.00
blue_cone 0.00 0 0.00 0.00 0.00 0.00 0.00 0.358 0.251 0.251 6.714 9.538 -0.971 0.00
blue_cone 0.00 0 0.00 0.00 0.00 0.00 0.00 0.358 0.251 0.251 13.098 -24.213 -0.971 0.00
blue_cone 0.00 0 0.00 0.00 0.00 0.00 0.00 0.358 0.251 0.251 26.487 7.998 -0.971 0.00
blue_cone 0.00 0 0.00 0.00 0.00 0.00 0.00 0.358 0.251 0.251 11.130 11.880 -0.971 0.00
blue_cone 0.00 0 0.00 0.00 0.00 0.00 0.00 0.358 0.251 0.251 6.019 5.414 -0.971 0.00
blue_cone 0.00 0 0.00 0.00 0.00 0.00 0.00 0.358 0.251 0.251 23.862 -1.900 -0.971 0.00
blue_cone 0.00 0 0.00 0.00 0.00 0.00 0.00 0.358 0.251 0.251 14.195 -18.232 -0.971 0.00
blue_cone 0.00 0 0.00 0.00 0.00 0.00 0.00 0.358 0.251 0.251 7.653 -5.549 -0.971 0.00
blue_cone 0.00 0 0.00 0.00 0.00 0.00 0.00 0.358 0.251 0.251 19.077 -12.851 -0.971 0.00
blue_cone 0.00 0 0.00 0.00 0.00 0.00 0.00 0.358 0.251 0.251 10.901 3.707 -0.971 0.00
blue_cone 0.00 0 0.00 0.00 0.00 0.00 0.00 0.358 0.251 0.251 16.976 -15.344 -0.971 0.00
blue_cone 0.00 0 0.00 0.00 0.00 0.00 0.00 0.358 0.251 0.251 13.338 20.219 -0.971 0.00
blue_cone 0.00 0 0.00 0.00 0.00 0.00 0.00 0.358 0.251 0.251 2.989 -3.672 -0.971 0.00
blue_cone 0.00 0 0.00 0.00 0.00 0.00 0.00 0.358 0.251 0.251 9.444 -3.018 -0.971 0.00
blue_cone 0.00 0 0.00 0.00 0.00 0.00 0.00 0.358 0.251 0.251 5.264 -8.193 -0.971 0.00
blue_cone 0.00 0 0.00 0.00 0.00 0.00 0.00 0.358 0.251 0.251 10.542 -0.239 -0.971 0.00
blue_cone 0.00 0 0.00 0.00 0.00 0.00 0.00 0.358 0.251 0.251 7.195 13.636 -0.971 0.00
blue_cone 0.00 0 0.00 0.00 0.00 0.00 0.00 0.358 0.251 0.251 16.088 23.097 -0.971 0.00
blue_cone 0.00 0 0.00 0.00 0.00 0.00 0.00 0.358 0.251 0.251 10.969 7.761 -0.971 0.00
blue_cone 0.00 0 0.00 0.00 0.00 0.00 0.00 0.358 0.251 0.251 5.020 0.915 -0.971 0.00
blue_cone 0.00 0 0.00 0.00 0.00 0.00 0.00 0.358 0.251 0.251 7.747 21.671 -0.971 0.00
blue_cone 0.00 0 0.00 0.00 0.00 0.00 0.00 0.358 0.251 0.251 24.493 1.182 -0.971 0.00
yellow_cone 0.00 0 0.00 0.00 0.00 0.00 0.00 0.358 0.251 0.251 9.295 -19.041 -0.971 0.00
yellow_cone 0.00 0 0.00 0.00 0.00 0.00 0.00 0.358 0.251 0.251 11.864 -16.357 -0.971 0.00
yellow_cone 0.00 0 0.00 0.00 0.00 0.00 0.00 0.358 0.251 0.251 12.284 -4.300 -0.971 0.00
yellow_cone 0.00 0 0.00 0.00 0.00 0.00 0.00 0.358 0.251 0.251 4.365 -12.943 -0.971 0.00
yellow_cone 0.00 0 0.00 0.00 0.00 0.00 0.00 0.358 0.251 0.251 22.816 5.822 -0.971 0.00
yellow_cone 0.00 0 0.00 0.00 0.00 0.00 0.00 0.358 0.251 0.251 3.156 5.679 -0.971 0.00
yellow_cone 0.00 0 0.00 0.00 0.00 0.00 0.00 0.358 0.251 0.251 4.771 14.157 -0.971 0.00
yellow_cone 0.00 0 0.00 0.00 0.00 0.00 0.00 0.358 0.251 0.251 17.655 20.776 -0.971 0.00
yellow_cone 0.00 0 0.00 0.00 0.00 0.00 0.00 0.358 0.251 0.251 2.232 1.871 -0.971 0.00
yellow_cone 0.00 0 0.00 0.00 0.00 0.00 0.00 0.358 0.251 0.251 20.635 -4.822 -0.971 0.00
yellow_cone 0.00 0 0.00 0.00 0.00 0.00 0.00 0.358 0.251 0.251 4.944 18.188 -0.971 0.00
yellow_cone 0.00 0 0.00 0.00 0.00 0.00 0.00 0.358 0.251 0.251 13.572 -0.438 -0.971 0.00
yellow_cone 0.00 0 0.00 0.00 0.00 0.00 0.00 0.358 0.251 0.251 14.405 15.836 -0.971 0.00
yellow_cone 0.00 0 0.00 0.00 0.00 0.00 0.00 0.358 0.251 0.251 9.743 -26.098 -0.971 0.00
yellow_cone 0.00 0 0.00 0.00 0.00 0.00 0.00 0.358 0.251 0.251 21.510 2.289 -0.971 0.00
yellow_cone 0.00 0 0.00 0.00 0.00 0.00 0.00 0.358 0.251 0.251 7.346 -10.385 -0.971 0.00
yellow_cone 0.00 0 0.00 0.00 0.00 0.00 0.00 0.358 0.251 0.251 4.039 9.867 -0.971 0.00
yellow_cone 0.00 0 0.00 0.00 0.00 0.00 0.00 0.358 0.251 0.251 7.848 -22.739 -0.971 0.00
yellow_cone 0.00 0 0.00 0.00 0.00 0.00 0.00 0.358 0.251 0.251 14.595 -13.302 -0.971 0.00
yellow_cone 0.00 0 0.00 0.00 0.00 0.00 0.00 0.358 0.251 0.251 17.686 -10.416 -0.971 0.00
yellow_cone 0.00 0 0.00 0.00 0.00 0.00 0.00 0.358 0.251 0.251 24.093 9.306 -0.971 0.00
yellow_cone 0.00 0 0.00 0.00 0.00 0.00 0.00 0.358 0.251 0.251 19.937 -7.711 -0.971 0.00
yellow_cone 0.00 0 0.00 0.00 0.00 0.00 0.00 0.358 0.251 0.251 20.757 -1.312 -0.971 0.00
yellow_cone 0.00 0 0.00 0.00 0.00 0.00 0.00 0.358 0.251 0.251 13.903 11.711 -0.971 0.00
yellow_cone 0.00 0 0.00 0.00 0.00 0.00 0.00 0.358 0.251 0.251 10.177 -7.321 -0.971 0.00
yellow_cone 0.00 0 0.00 0.00 0.00 0.00 0.00 0.358 0.251 0.251 13.744 7.865 -0.971 0.00
yellow_cone 0.00 0 0.00 0.00 0.00 0.00 0.00 0.358 0.251 0.251 15.894 19.090 -0.971 0.00
yellow_cone 0.00 0 0.00 0.00 0.00 0.00 0.00 0.358 0.251 0.251 25.269 12.995 -0.971 0.00
yellow_cone 0.00 0 0.00 0.00 0.00 0.00 0.00 0.358 0.251 0.251 13.695 3.993 -0.971 0.00
yellow_cone 0.00 0 0.00 0.00 0.00 0.00 0.00 0.358 0.251 0.251 20.757 20.747 -0.971 0.00
blue_cone 0.00 0 1588.224 853.667 1630.969 908.436 0.00 0.00 0.00 0.00 0.00 0.00 0.00
yellow_cone 0.00 0 1660.530 826.929 1700.638 871.049 0.00 0.00 0.00 0.00 0.00 0.00 0.00
orange_cone 0.00 0 656.504 951.822 750.322 1061.802 0.00 0.00 0.00 0.00 0.00 0.00 0.00
blue_cone 0.00 0 425.628 832.011 461.720 878.128 0.00 0.00 0.00 0.00 0.00 0.00 0.00
blue_cone 0.00 0 1081.631 844.439 1121.467 890.412 0.00 0.00 0.00 0.00 0.00 0.00 0.00
orange_cone 0.00 0 532.146 807.528 565.901 846.482 0.00 0.00 0.00 0.00 0.00 0.00 0.00
yellow_cone 0.00 0 1717.175 794.286 1741.803 821.621 0.00 0.00 0.00 0.00 0.00 0.00 0.00
orange_cone 0.00 0 518.234 767.500 533.408 786.927 0.00 0.00 0.00 0.00 0.00 0.00 0.00
orange_cone 0.00 0 846.085 781.115 865.230 805.128 0.00 0.00 0.00 0.00 0.00 0.00 0.00
orange_cone 0.00 0 374.801 770.805 391.272 790.655 0.00 0.00 0.00 0.00 0.00 0.00 0.00
orange_cone 0.00 0 579.321 775.017 597.361 796.723 0.00 0.00 0.00 0.00 0.00 0.00 0.00
blue_cone 0.00 0 1194.019 778.987 1212.237 800.639 0.00 0.00 0.00 0.00 0.00 0.00 0.00
yellow_cone 0.00 0 1089.155 815.937 1121.100 855.890 0.00 0.00 0.00 0.00 0.00 0.00 0.00
orange_cone 0.00 0 70.977 804.357 100.580 839.469 0.00 0.00 0.00 0.00 0.00 0.00 0.00
blue_cone 0.00 0 1746.820 787.500 1769.039 810.173 0.00 0.00 0.00 0.00 0.00 0.00 0.00
blue_cone 0.00 0 262.465 762.269 276.852 780.450 0.00 0.00 0.00 0.00 0.00 0.00 0.00
yellow_cone 0.00 0 1566.687 768.393 1578.649 783.237 0.00 0.00 0.00 0.00 0.00 0.00 0.00
yellow_cone 0.00 0 167.375 767.344 185.032 788.296 0.00 0.00 0.00 0.00 0.00 0.00 0.00
blue_cone 0.00 0 1443.518 781.270 1461.731 802.118 0.00 0.00 0.00 0.00 0.00 0.00 0.00
orange_cone 0.00 0 593.485 752.603 604.234 766.221 0.00 0.00 0.00 0.00 0.00 0.00 0.00
blue_cone 0.00 0 1393.214 764.078 1406.890 780.130 0.00 0.00 0.00 0.00 0.00 0.00 0.00
yellow_cone 0.00 0 1170.315 785.162 1192.610 811.072 0.00 0.00 0.00 0.00 0.00 0.00 0.00
orange_cone 0.00 0 285.339 753.077 296.342 767.466 0.00 0.00 0.00 0.00 0.00 0.00 0.00
yellow_cone 0.00 0 1450.203 787.270 1473.651 814.404 0.00 0.00 0.00 0.00 0.00 0.00 0.00
