yellow_cone 0.00 0 0.00 0.00 0.00 0.00 0.00 0.358 0.251 0.251 23.264 -3.667 -0.971 0.00
blue_cone 0.00 0 0.00 0.00 0.00 0.00 0.00 0.358 0.251 0.251 22.794 0.774 -0.971 0.00
yellow_cone 0.00 0 0.00 0.00 0.00 0.00 0.00 0.358 0.251 0.251 19.654 -7.143 -0.971 0.00
yellow_cone 0.00 0 0.00 0.00 0.00 0.00 0.00 0.358 0.251 0.251 19.733 -0.858 -0.971 0.00
blue_cone 0.00 0 0.00 0.00 0.00 0.00 0.00 0.358 0.251 0.251 15.823 -11.229 -0.971 0.00
yellow_cone 0.00 0 0.00 0.00 0.00 0.00 0.00 0.358 0.251 0.251 15.719 -8.791 -0.971 0.00
blue_cone 0.00 0 0.00 0.00 0.00 0.00 0.00 0.358 0.251 0.251 11.532 -11.625 -0.971 0.00
yellow_cone 0.00 0 0.00 0.00 0.00 0.00 0.00 0.358 0.251 0.251 11.759 -8.827 -0.971 0.00
blue_cone 0.00 0 0.00 0.00 0.00 0.00 0.00 0.358 0.251 0.251 8.568 -10.836 -0.971 0.00
yellow_cone 0.00 0 0.00 0.00 0.00 0.00 0.00 0.358 0.251 0.251 9.110 -7.761 -0.971 0.00
yellow_cone 0.00 0 0.00 0.00 0.00 0.00 0.00 0.358 0.251 0.251 22.428 -5.788 -0.971 0.00
blue_cone 0.00 0 0.00 0.00 0.00 0.00 0.00 0.358 0.251 0.251 22.635 -9.187 -0.971 0.00
blue_cone 0.00 0 0.00 0.00 0.00 0.00 0.00 0.358 0.251 0.251 6.128 -9.704 -0.971 0.00
yellow_cone 0.00 0 0.00 0.00 0.00 0.00 0.00 0.358 0.251 0.251 21.673 -1.677 -0.971 0.00
yellow_cone 0.00 0 0.00 0.00 0.00 0.00 0.00 0.358 0.251 0.251 6.169 -7.286 -0.971 0.00
blue_cone 0.00 0 0.00 0.00 0.00 0.00 0.00 0.358 0.251 0.251 25.109 -7.263 -0.971 0.00
blue_cone 0.00 0 0.00 0.00 0.00 0.00 0.00 0.358 0.251 0.251 20.184 -10.306 -0.971 0.00
blue_cone 0.00 0 0.00 0.00 0.00 0.00 0.00 0.358 0.251 0.251 25.713 -1.805 -0.971 0.00
blue_cone 0.00 0 0.00 0.00 0.00 0.00 0.00 0.358 0.251 0.251 26.251 -4.125 -0.971 0.00
blue_cone 0.00 0 0.00 0.00 0.00 0.00 0.00 0.358 0.251 0.251 4.187 -11.138 -0.971 0.00
yellow_cone 0.00 0 0.00 0.00 0.00 0.00 0.00 0.358 0.251 0.251 2.899 -8.543 -0.971 0.00
yellow_cone 0.00 0 0.00 1502.00 989.60 1622.00 1133.98 0.358 0.251 0.251 4.383 -1.255 -0.971 0.00
blue_cone 0.00 0 0.00 338.00 985.60 450.80 1123.31 0.358 0.251 0.251 4.251 1.631 -0.971 0.00
blue_cone 0.00 0 0.00 585.16 899.96 650.94 986.14 0.358 0.251 0.251 7.000 1.746 -0.971 0.00
yellow_cone 0.00 0 0.00 1298.00 899.60 1370.27 991.00 0.358 0.251 0.251 7.250 -1.133 -0.971 0.00
blue_cone 0.00 0 0.00 703.69 849.77 744.35 908.67 0.358 0.251 0.251 10.499 1.952 -0.971 0.00
yellow_cone 0.00 0 0.00 1217.32 852.98 1263.72 905.25 0.358 0.251 0.251 10.661 -1.122 -0.971 0.00
blue_cone 0.00 0 0.00 769.89 820.73 808.12 864.24 0.358 0.251 0.251 13.477 2.003 -0.971 0.00
yellow_cone 0.00 0 0.00 1155.38 828.41 1193.11 872.20 0.358 0.251 0.251 13.585 -0.887 -0.971 0.00
yellow_cone 0.00 0 0.00 1126.55 802.78 1163.49 851.70 0.358 0.251 0.251 16.708 -0.815 -0.971 0.00
blue_cone 0.00 0 0.00 825.42 807.06 858.24 851.70 0.358 0.251 0.251 16.641 1.987 -0.971 0.00
blue_cone 0.00 0 0.00 882.02 797.45 907.22 832.33 0.358 0.251 0.251 19.719 1.770 -0.971 0.00
yellow_cone 0.00 0 0.00 1934.00 1339.60 2048.00 1524.50 0.00 0.00 0.00 0.00 0.00 0.00 0.00