yellow_cone 0.00 0 0.00 0.00 0.00 0.00 0.00 0.358 0.251 0.251 6.916 -4.161 -0.971 0.00
yellow_cone 0.00 0 0.00 0.00 0.00 0.00 0.00 0.358 0.251 0.251 3.413 -7.744 -0.971 0.00
yellow_cone 0.00 0 0.00 0.00 0.00 0.00 0.00 0.358 0.251 0.251 6.145 -6.306 -0.971 0.00
blue_cone 0.00 0 0.00 0.00 0.00 0.00 0.00 0.358 0.251 0.251 6.455 -9.697 -0.971 0.00
blue_cone 0.00 0 0.00 0.00 0.00 0.00 0.00 0.358 0.251 0.251 8.869 -7.699 -0.971 0.00
blue_cone 0.00 0 0.00 0.00 0.00 0.00 0.00 0.358 0.251 0.251 4.039 -10.890 -0.971 0.00
blue_cone 0.00 0 0.00 0.00 0.00 0.00 0.00 0.358 0.251 0.251 9.307 -2.225 -0.971 0.00
blue_cone 0.00 0 0.00 0.00 0.00 0.00 0.00 0.358 0.251 0.251 9.915 -4.527 -0.971 0.00
yellow_cone 0.00 0 0.00 1743.33 1063.99 1889.33 1253.03 0.358 0.251 0.251 3.301 -1.460 -0.971 0.00
yellow_cone 0.00 0 0.00 1736.67 957.34 1822.67 1069.14 0.358 0.251 0.251 5.264 -2.219 -0.971 0.00
blue_cone 0.00 0 0.00 403.34 1067.34 516.00 1239.70 0.358 0.251 0.251 3.207 1.167 -0.971 0.00
blue_cone 0.00 0 0.00 953.33 907.33 1041.33 1021.17 0.358 0.251 0.251 6.311 0.264 -0.971 0.00
blue_cone 0.00 0 0.00 1833.33 860.67 1881.33 930.57 0.00 0.00 0.00 0.00 0.00 0.00 0.00
blue_cone 0.00 0 0.00 1466.66 864.00 1523.99 946.55 0.00 0.00 0.00 0.00 0.00 0.00 0.00