blue_cone 0.00 0 0.00 0.00 0.00 0.00 0.00 0.358 0.251 0.251 1.657 1.401 -0.971 0.00
yellow_cone 0.00 0 0.00 0.00 0.00 0.00 0.00 0.358 0.251 0.251 1.979 -1.705 -0.971 0.00
yellow_cone 0.00 0 0.00 0.00 0.00 0.00 0.00 0.358 0.251 0.251 2.305 -8.515 -0.971 0.00
yellow_cone 0.00 0 0.00 0.00 0.00 0.00 0.00 0.358 0.251 0.251 5.583 -7.570 -0.971 0.00
blue_cone 0.00 0 0.00 0.00 0.00 0.00 0.00 0.358 0.251 0.251 6.611 -10.270 -0.971 0.00
blue_cone 0.00 0 0.00 0.00 0.00 0.00 0.00 0.358 0.251 0.251 9.224 -9.407 -0.971 0.00
blue_cone 0.00 0 0.00 0.00 0.00 0.00 0.00 0.358 0.251 0.251 3.303 -11.427 -0.971 0.00
yellow_cone 0.00 0 0.00 0.00 0.00 0.00 0.00 0.358 0.251 0.251 8.306 -6.668 -0.971 0.00
blue_cone 0.00 0 0.00 0.00 0.00 0.00 0.00 0.358 0.251 0.251 16.439 6.534 -0.971 0.00
blue_cone 0.00 0 0.00 0.00 0.00 0.00 0.00 0.358 0.251 0.251 20.179 7.844 -0.971 0.00
yellow_cone 0.00 0 0.00 0.00 0.00 0.00 0.00 0.358 0.251 0.251 21.578 5.170 -0.971 0.00
yellow_cone 0.00 0 0.00 0.00 0.00 0.00 0.00 0.358 0.251 0.251 25.443 -1.058 -0.971 0.00
yellow_cone 0.00 0 0.00 0.00 0.00 0.00 0.00 0.358 0.251 0.251 24.216 3.875 -0.971 0.00
blue_cone 0.00 0 0.00 0.00 0.00 0.00 0.00 0.358 0.251 0.251 25.984 6.804 -0.971 0.00
blue_cone 0.00 0 0.00 0.00 0.00 0.00 0.00 0.358 0.251 0.251 28.159 4.380 -0.971 0.00
blue_cone 0.00 0 0.00 0.00 0.00 0.00 0.00 0.358 0.251 0.251 23.309 8.014 -0.971 0.00
blue_cone 0.00 0 0.00 0.00 0.00 0.00 0.00 0.358 0.251 0.251 28.222 -3.130 -0.971 0.00
yellow_cone 0.00 0 0.00 0.00 0.00 0.00 0.00 0.358 0.251 0.251 25.369 1.335 -0.971 0.00
yellow_cone 0.00 0 0.00 0.00 0.00 0.00 0.00 0.358 0.251 0.251 16.939 4.284 -0.971 0.00
blue_cone 0.00 0 0.00 0.00 0.00 0.00 0.00 0.358 0.251 0.251 29.334 -0.941 -0.971 0.00
blue_cone 0.00 0 0.00 0.00 0.00 0.00 0.00 0.358 0.251 0.251 29.361 1.457 -0.971 0.00
yellow_cone 0.00 0 0.00 0.00 0.00 0.00 0.00 0.358 0.251 0.251 14.010 -5.002 -0.971 0.00
yellow_cone 0.00 0 0.00 0.00 0.00 0.00 0.00 0.358 0.251 0.251 17.133 -4.078 -0.971 0.00
yellow_cone 0.00 0 0.00 0.00 0.00 0.00 0.00 0.358 0.251 0.251 22.797 -1.988 -0.971 0.00
yellow_cone 0.00 0 0.00 0.00 0.00 0.00 0.00 0.358 0.251 0.251 20.289 -3.008 -0.971 0.00
blue_cone 0.00 0 0.00 0.00 0.00 0.00 0.00 0.358 0.251 0.251 24.453 -4.968 -0.971 0.00
blue_cone 0.00 0 0.00 0.00 0.00 0.00 0.00 0.358 0.251 0.251 21.474 -5.871 -0.971 0.00
blue_cone 0.00 0 0.00 0.00 0.00 0.00 0.00 0.358 0.251 0.251 11.987 -8.415 -0.971 0.00
blue_cone 0.00 0 0.00 0.00 0.00 0.00 0.00 0.358 0.251 0.251 14.896 -7.766 -0.971 0.00
blue_cone 0.00 0 0.00 0.00 0.00 0.00 0.00 0.358 0.251 0.251 18.120 -6.831 -0.971 0.00
yellow_cone 0.00 0 0.00 1463.52 973.28 1575.02 1108.00 0.358 0.251 0.251 4.937 -1.356 -0.971 0.00
blue_cone 0.00 0 0.00 600.00 997.33 700.00 1143.76 0.358 0.251 0.251 4.314 0.981 -0.971 0.00
blue_cone 0.00 0 0.00 145.56 940.11 224.98 1020.74 0.358 0.251 0.251 5.788 2.891 -0.971 0.00
yellow_cone 0.00 0 0.00 857.52 889.48 918.59 965.08 0.358 0.251 0.251 7.737 0.748 -0.971 0.00
yellow_cone 0.00 0 0.00 656.58 851.51 707.22 918.28 0.358 0.251 0.251 10.308 2.112 -0.971 0.00
yellow_cone 0.00 0 0.00 583.81 824.61 624.95 875.27 0.358 0.251 0.251 13.625 3.553 -0.971 0.00
blue_cone 0.00 0 0.00 256.31 821.45 298.40 876.53 0.358 0.251 0.251 9.548 4.931 -0.971 0.00
blue_cone 0.00 0 0.00 333.83 807.20 360.41 849.97 0.358 0.251 0.251 13.098 5.905 -0.971 0.00
yellow_cone 0.00 0 0.00 1473.34 977.34 1564.01 1098.46 0.00 0.00 0.00 0.00 0.00 0.00 0.00