yellow_cone 0.00 0 0.00 0.00 0.00 0.00 0.00 0.358 0.251 0.251 3.558 -2.217 -0.971 0.00
yellow_cone 0.00 0 0.00 0.00 0.00 0.00 0.00 0.358 0.251 0.251 2.635 -8.972 -0.971 0.00
yellow_cone 0.00 0 0.00 0.00 0.00 0.00 0.00 0.358 0.251 0.251 6.030 -8.642 -0.971 0.00
blue_cone 0.00 0 0.00 0.00 0.00 0.00 0.00 0.358 0.251 0.251 6.548 -11.484 -0.971 0.00
blue_cone 0.00 0 0.00 0.00 0.00 0.00 0.00 0.358 0.251 0.251 9.274 -11.113 -0.971 0.00
yellow_cone 0.00 0 0.00 0.00 0.00 0.00 0.00 0.358 0.251 0.251 8.872 -8.252 -0.971 0.00
yellow_cone 0.00 0 0.00 0.00 0.00 0.00 0.00 0.358 0.251 0.251 12.444 0.015 -0.971 0.00
yellow_cone 0.00 0 0.00 0.00 0.00 0.00 0.00 0.358 0.251 0.251 15.965 0.652 -0.971 0.00
yellow_cone 0.00 0 0.00 0.00 0.00 0.00 0.00 0.358 0.251 0.251 24.083 0.962 -0.971 0.00
yellow_cone 0.00 0 0.00 0.00 0.00 0.00 0.00 0.358 0.251 0.251 26.745 -5.867 -0.971 0.00
yellow_cone 0.00 0 0.00 0.00 0.00 0.00 0.00 0.358 0.251 0.251 26.440 -0.793 -0.971 0.00
blue_cone 0.00 0 0.00 0.00 0.00 0.00 0.00 0.358 0.251 0.251 28.713 1.764 -0.971 0.00
blue_cone 0.00 0 0.00 0.00 0.00 0.00 0.00 0.358 0.251 0.251 30.410 -1.017 -0.971 0.00
blue_cone 0.00 0 0.00 0.00 0.00 0.00 0.00 0.358 0.251 0.251 26.305 3.442 -0.971 0.00
blue_cone 0.00 0 0.00 0.00 0.00 0.00 0.00 0.358 0.251 0.251 29.099 -8.412 -0.971 0.00
yellow_cone 0.00 0 0.00 0.00 0.00 0.00 0.00 0.358 0.251 0.251 27.110 -3.501 -0.971 0.00
yellow_cone 0.00 0 0.00 0.00 0.00 0.00 0.00 0.358 0.251 0.251 19.361 0.939 -0.971 0.00
blue_cone 0.00 0 0.00 0.00 0.00 0.00 0.00 0.358 0.251 0.251 30.592 -6.463 -0.971 0.00
blue_cone 0.00 0 0.00 0.00 0.00 0.00 0.00 0.358 0.251 0.251 31.057 -4.110 -0.971 0.00
yellow_cone 0.00 0 0.00 0.00 0.00 0.00 0.00 0.358 0.251 0.251 14.784 -7.656 -0.971 0.00
yellow_cone 0.00 0 0.00 0.00 0.00 0.00 0.00 0.358 0.251 0.251 18.023 -7.318 -0.971 0.00
yellow_cone 0.00 0 0.00 0.00 0.00 0.00 0.00 0.358 0.251 0.251 23.974 -6.298 -0.971 0.00
yellow_cone 0.00 0 0.00 0.00 0.00 0.00 0.00 0.358 0.251 0.251 21.322 -6.843 -0.971 0.00
blue_cone 0.00 0 0.00 0.00 0.00 0.00 0.00 0.358 0.251 0.251 25.058 -9.531 -0.971 0.00
blue_cone 0.00 0 0.00 0.00 0.00 0.00 0.00 0.358 0.251 0.251 21.964 -9.874 -0.971 0.00
blue_cone 0.00 0 0.00 0.00 0.00 0.00 0.00 0.358 0.251 0.251 12.172 -10.642 -0.971 0.00
blue_cone 0.00 0 0.00 0.00 0.00 0.00 0.00 0.358 0.251 0.251 15.150 -10.536 -0.971 0.00
blue_cone 0.00 0 0.00 0.00 0.00 0.00 0.00 0.358 0.251 0.251 18.491 -10.205 -0.971 0.00
blue_cone 0.00 0 0.00 593.29 1043.70 692.17 1179.49 0.358 0.251 0.251 3.809 0.896 -0.971 0.00
blue_cone 0.00 0 0.00 1015.65 913.66 1088.72 1016.89 0.358 0.251 0.251 6.345 -0.003 -0.971 0.00
yellow_cone 0.00 0 0.00 1659.11 919.12 1718.55 1011.45 0.358 0.251 0.251 6.530 -2.414 -0.971 0.00
blue_cone 0.00 0 0.00 667.95 880.24 726.07 948.78 0.358 0.251 0.251 8.142 1.606 -0.971 0.00
yellow_cone 0.00 0 0.00 1194.22 855.05 1241.39 925.35 0.358 0.251 0.251 9.668 -0.857 -0.971 0.00
blue_cone 0.00 0 0.00 610.64 831.81 648.58 882.63 0.358 0.251 0.251 12.212 2.925 -0.971 0.00
blue_cone 0.00 0 0.00 678.91 810.05 704.81 849.04 0.358 0.251 0.251 15.880 3.234 -0.971 0.00
blue_cone 0.00 0 0.00 732.08 804.61 752.80 837.06 0.358 0.251 0.251 19.280 3.242 -0.971 0.00
blue_cone 0.00 0 0.00 748.44 797.78 771.62 828.33 0.358 0.251 0.251 23.197 3.847 -0.971 0.00
yellow_cone 0.00 0 0.00 0.20 310.29 48.00 573.29 0.00 0.00 0.00 0.00 0.00 0.00 0.00