yellow_cone 0.00 0 0.00 0.00 0.00 0.00 0.00 0.358 0.251 0.251 23.270 -3.662 -0.971 0.00
yellow_cone 0.00 0 0.00 0.00 0.00 0.00 0.00 0.358 0.251 0.251 19.660 -7.138 -0.971 0.00
yellow_cone 0.00 0 0.00 0.00 0.00 0.00 0.00 0.358 0.251 0.251 19.739 -0.853 -0.971 0.00
blue_cone 0.00 0 0.00 0.00 0.00 0.00 0.00 0.358 0.251 0.251 15.830 -11.225 -0.971 0.00
yellow_cone 0.00 0 0.00 0.00 0.00 0.00 0.00 0.358 0.251 0.251 15.726 -8.787 -0.971 0.00
blue_cone 0.00 0 0.00 0.00 0.00 0.00 0.00 0.358 0.251 0.251 11.539 -11.621 -0.971 0.00
yellow_cone 0.00 0 0.00 0.00 0.00 0.00 0.00 0.358 0.251 0.251 11.765 -8.824 -0.971 0.00
blue_cone 0.00 0 0.00 0.00 0.00 0.00 0.00 0.358 0.251 0.251 8.575 -10.833 -0.971 0.00
yellow_cone 0.00 0 0.00 0.00 0.00 0.00 0.00 0.358 0.251 0.251 9.116 -7.758 -0.971 0.00
yellow_cone 0.00 0 0.00 0.00 0.00 0.00 0.00 0.358 0.251 0.251 22.434 -5.783 -0.971 0.00
blue_cone 0.00 0 0.00 0.00 0.00 0.00 0.00 0.358 0.251 0.251 22.641 -9.182 -0.971 0.00
blue_cone 0.00 0 0.00 0.00 0.00 0.00 0.00 0.358 0.251 0.251 6.135 -9.702 -0.971 0.00
yellow_cone 0.00 0 0.00 0.00 0.00 0.00 0.00 0.358 0.251 0.251 21.678 -1.672 -0.971 0.00
yellow_cone 0.00 0 0.00 0.00 0.00 0.00 0.00 0.358 0.251 0.251 6.175 -7.283 -0.971 0.00
blue_cone 0.00 0 0.00 0.00 0.00 0.00 0.00 0.358 0.251 0.251 25.115 -7.258 -0.971 0.00
blue_cone 0.00 0 0.00 0.00 0.00 0.00 0.00 0.358 0.251 0.251 20.191 -10.301 -0.971 0.00
blue_cone 0.00 0 0.00 0.00 0.00 0.00 0.00 0.358 0.251 0.251 25.719 -1.800 -0.971 0.00
blue_cone 0.00 0 0.00 0.00 0.00 0.00 0.00 0.358 0.251 0.251 26.257 -4.119 -0.971 0.00
blue_cone 0.00 0 0.00 0.00 0.00 0.00 0.00 0.358 0.251 0.251 4.194 -11.136 -0.971 0.00
yellow_cone 0.00 0 0.00 0.00 0.00 0.00 0.00 0.358 0.251 0.251 2.906 -8.541 -0.971 0.00
yellow_cone 0.00 0 0.00 1510.00 999.61 1617.73 1129.72 0.358 0.251 0.251 4.389 -1.252 -0.971 0.00
blue_cone 0.00 0 0.00 344.00 997.60 459.34 1131.85 0.358 0.251 0.251 4.256 1.633 -0.971 0.00
blue_cone 0.00 0 0.00 582.00 895.60 642.80 982.46 0.358 0.251 0.251 7.005 1.748 -0.971 0.00
yellow_cone 0.00 0 0.00 1302.90 899.17 1363.04 983.43 0.358 0.251 0.251 7.255 -1.130 -0.971 0.00
yellow_cone 0.00 0 0.00 1211.72 847.96 1263.10 908.79 0.358 0.251 0.251 10.666 -1.118 -0.971 0.00
blue_cone 0.00 0 0.00 702.05 841.71 750.10 906.12 0.358 0.251 0.251 10.504 1.956 -0.971 0.00
yellow_cone 0.00 0 0.00 1160.03 829.48 1193.32 877.22 0.358 0.251 0.251 13.591 -0.883 -0.971 0.00
blue_cone 0.00 0 0.00 772.00 820.47 814.06 870.13 0.358 0.251 0.251 13.482 2.007 -0.971 0.00
yellow_cone 0.00 0 0.00 1124.90 807.65 1162.94 854.94 0.358 0.251 0.251 16.713 -0.811 -0.971 0.00
blue_cone 0.00 0 0.00 823.98 810.50 854.10 849.88 0.358 0.251 0.251 16.646 1.991 -0.971 0.00
blue_cone 0.00 0 0.00 879.99 795.31 904.73 832.65 0.358 0.251 0.251 19.724 1.775 -0.971 0.00
blue_cone 0.00 0 0.00 979.66 793.41 1001.94 823.55 0.358 0.251 0.251 22.799 0.779 -0.971 0.00
yellow_cone 0.00 0 0.00 1934.00 1347.60 2048.00 1518.10 0.00 0.00 0.00 0.00 0.00 0.00 0.00