yellow_cone 0.00 0 0.00 0.00 0.00 0.00 0.00 0.358 0.251 0.251 15.889 -4.008 -0.971 0.00
blue_cone 0.00 0 0.00 0.00 0.00 0.00 0.00 0.358 0.251 0.251 15.394 0.431 -0.971 0.00
yellow_cone 0.00 0 0.00 0.00 0.00 0.00 0.00 0.358 0.251 0.251 12.297 -7.503 -0.971 0.00
blue_cone 0.00 0 0.00 0.00 0.00 0.00 0.00 0.358 0.251 0.251 8.488 -11.610 -0.971 0.00
yellow_cone 0.00 0 0.00 0.00 0.00 0.00 0.00 0.358 0.251 0.251 8.372 -9.172 -0.971 0.00
blue_cone 0.00 0 0.00 0.00 0.00 0.00 0.00 0.358 0.251 0.251 4.200 -12.029 -0.971 0.00
yellow_cone 0.00 0 0.00 0.00 0.00 0.00 0.00 0.358 0.251 0.251 4.412 -9.230 -0.971 0.00
yellow_cone 0.00 0 0.00 0.00 0.00 0.00 0.00 0.358 0.251 0.251 3.271 -1.531 -0.971 0.00
yellow_cone 0.00 0 0.00 0.00 0.00 0.00 0.00 0.358 0.251 0.251 15.064 -6.133 -0.971 0.00
blue_cone 0.00 0 0.00 0.00 0.00 0.00 0.00 0.358 0.251 0.251 15.289 -9.531 -0.971 0.00
blue_cone 0.00 0 0.00 0.00 0.00 0.00 0.00 0.358 0.251 0.251 17.753 -7.594 -0.971 0.00
blue_cone 0.00 0 0.00 0.00 0.00 0.00 0.00 0.358 0.251 0.251 12.844 -10.663 -0.971 0.00
blue_cone 0.00 0 0.00 0.00 0.00 0.00 0.00 0.358 0.251 0.251 18.328 -2.133 -0.971 0.00
blue_cone 0.00 0 0.00 0.00 0.00 0.00 0.00 0.358 0.251 0.251 18.878 -4.449 -0.971 0.00
blue_cone 0.00 0 0.00 134.00 1081.61 295.06 1279.09 0.358 0.251 0.251 3.093 1.542 -0.971 0.00
blue_cone 0.00 0 0.00 568.00 915.60 640.67 1018.74 0.358 0.251 0.251 6.071 1.609 -0.971 0.00
yellow_cone 0.00 0 0.00 1404.01 927.60 1483.34 1040.08 0.358 0.251 0.251 6.195 -1.280 -0.971 0.00
yellow_cone 0.00 0 0.00 1265.82 870.70 1320.64 933.53 0.358 0.251 0.251 9.317 -1.191 -0.971 0.00
blue_cone 0.00 0 0.00 727.53 863.68 782.97 934.91 0.358 0.251 0.251 9.234 1.610 -0.971 0.00
blue_cone 0.00 0 0.00 835.36 827.31 879.96 886.39 0.358 0.251 0.251 12.314 1.410 -0.971 0.00
yellow_cone 0.00 0 0.00 1212.12 840.29 1261.06 897.49 0.358 0.251 0.251 12.343 -1.217 -0.971 0.00
yellow_cone 0.00 0 0.00 1290.07 828.61 1334.49 887.79 0.358 0.251 0.251 14.286 -2.026 -0.971 0.00
yellow_cone 0.00 0 0.00 1797.99 1083.61 1952.66 1264.16 0.00 0.00 0.00 0.00 0.00 0.00 0.00
yellow_cone 0.00 0 0.00 1491.43 820.81 1528.51 871.15 0.00 0.00 0.00 0.00 0.00 0.00 0.00
blue_cone 0.00 0 0.00 1458.96 806.52 1488.32 854.52 0.00 0.00 0.00 0.00 0.00 0.00 0.00
yellow_cone 0.00 0 0.00 1742.18 823.41 1790.42 885.01 0.00 0.00 0.00 0.00 0.00 0.00 0.00