yellow_cone 0.00 0 0.00 0.00 0.00 0.00 0.00 0.358 0.251 0.251 22.760 -3.672 -0.971 0.00
blue_cone 0.00 0 0.00 0.00 0.00 0.00 0.00 0.358 0.251 0.251 22.250 0.765 -0.971 0.00
yellow_cone 0.00 0 0.00 0.00 0.00 0.00 0.00 0.358 0.251 0.251 19.181 -7.179 -0.971 0.00
yellow_cone 0.00 0 0.00 0.00 0.00 0.00 0.00 0.358 0.251 0.251 19.204 -0.893 -0.971 0.00
blue_cone 0.00 0 0.00 0.00 0.00 0.00 0.00 0.358 0.251 0.251 15.386 -11.299 -0.971 0.00
yellow_cone 0.00 0 0.00 0.00 0.00 0.00 0.00 0.358 0.251 0.251 15.261 -8.862 -0.971 0.00
blue_cone 0.00 0 0.00 0.00 0.00 0.00 0.00 0.358 0.251 0.251 11.100 -11.733 -0.971 0.00
yellow_cone 0.00 0 0.00 0.00 0.00 0.00 0.00 0.358 0.251 0.251 11.301 -8.934 -0.971 0.00
blue_cone 0.00 0 0.00 0.00 0.00 0.00 0.00 0.358 0.251 0.251 8.128 -10.971 -0.971 0.00
yellow_cone 0.00 0 0.00 0.00 0.00 0.00 0.00 0.358 0.251 0.251 8.642 -7.891 -0.971 0.00
yellow_cone 0.00 0 0.00 0.00 0.00 0.00 0.00 0.358 0.251 0.251 21.943 -5.800 -0.971 0.00
blue_cone 0.00 0 0.00 0.00 0.00 0.00 0.00 0.358 0.251 0.251 22.180 -9.197 -0.971 0.00
blue_cone 0.00 0 0.00 0.00 0.00 0.00 0.00 0.358 0.251 0.251 5.678 -9.861 -0.971 0.00
yellow_cone 0.00 0 0.00 0.00 0.00 0.00 0.00 0.358 0.251 0.251 21.151 -1.695 -0.971 0.00
yellow_cone 0.00 0 0.00 0.00 0.00 0.00 0.00 0.358 0.251 0.251 5.697 -7.442 -0.971 0.00
blue_cone 0.00 0 0.00 0.00 0.00 0.00 0.00 0.358 0.251 0.251 24.637 -7.251 -0.971 0.00
blue_cone 0.00 0 0.00 0.00 0.00 0.00 0.00 0.358 0.251 0.251 19.739 -10.338 -0.971 0.00
blue_cone 0.00 0 0.00 0.00 0.00 0.00 0.00 0.358 0.251 0.251 25.192 -1.788 -0.971 0.00
blue_cone 0.00 0 0.00 0.00 0.00 0.00 0.00 0.358 0.251 0.251 25.750 -4.102 -0.971 0.00
blue_cone 0.00 0 0.00 0.00 0.00 0.00 0.00 0.358 0.251 0.251 3.750 -11.312 -0.971 0.00
yellow_cone 0.00 0 0.00 0.00 0.00 0.00 0.00 0.358 0.251 0.251 2.439 -8.729 -0.971 0.00
blue_cone 0.00 0 0.00 320.00 1039.60 433.74 1200.13 0.358 0.251 0.251 3.700 1.457 -0.971 0.00
yellow_cone 0.00 0 0.00 1638.00 1033.07 1762.80 1180.93 0.358 0.251 0.251 3.858 -1.427 -0.971 0.00
yellow_cone 0.00 0 0.00 1360.22 910.46 1435.40 1013.04 0.358 0.251 0.251 6.724 -1.280 -0.971 0.00
blue_cone 0.00 0 0.00 582.02 909.15 653.82 1014.43 0.358 0.251 0.251 6.448 1.596 -0.971 0.00
yellow_cone 0.00 0 0.00 1248.50 853.29 1300.98 917.39 0.358 0.251 0.251 10.134 -1.239 -0.971 0.00
blue_cone 0.00 0 0.00 702.84 853.28 749.44 913.24 0.358 0.251 0.251 9.945 1.834 -0.971 0.00
yellow_cone 0.00 0 0.00 1175.74 833.80 1213.68 881.36 0.358 0.251 0.251 13.027 -0.881 -0.971 0.00
yellow_cone 0.00 0 0.00 1132.87 815.62 1167.95 864.73 0.358 0.251 0.251 16.178 -0.878 -0.971 0.00
blue_cone 0.00 0 0.00 779.50 826.00 814.58 871.65 0.358 0.251 0.251 12.923 1.911 -0.971 0.00
blue_cone 0.00 0 0.00 830.17 814.32 857.53 855.02 0.358 0.251 0.251 16.086 1.923 -0.971 0.00
blue_cone 0.00 0 0.00 878.24 803.92 903.26 839.77 0.358 0.251 0.251 19.166 1.734 -0.971 0.00