yellow_cone 0.00 0 0.00 0.00 0.00 0.00 0.00 0.358 0.251 0.251 8.763 -8.220 -0.971 0.00
blue_cone 0.00 0 0.00 0.00 0.00 0.00 0.00 0.358 0.251 0.251 11.066 -10.811 -0.971 0.00
yellow_cone 0.00 0 0.00 0.00 0.00 0.00 0.00 0.358 0.251 0.251 9.175 -5.862 -0.971 0.00
blue_cone 0.00 0 0.00 0.00 0.00 0.00 0.00 0.358 0.251 0.251 12.597 -8.893 -0.971 0.00
blue_cone 0.00 0 0.00 0.00 0.00 0.00 0.00 0.358 0.251 0.251 13.109 -6.549 -0.971 0.00
yellow_cone 0.00 0 0.00 0.00 0.00 0.00 0.00 0.358 0.251 0.251 5.984 -8.596 -0.971 0.00
yellow_cone 0.00 0 0.00 0.00 0.00 0.00 0.00 0.358 0.251 0.251 3.322 -9.087 -0.971 0.00
blue_cone 0.00 0 0.00 0.00 0.00 0.00 0.00 0.358 0.251 0.251 7.003 -11.849 -0.971 0.00
blue_cone 0.00 0 0.00 0.00 0.00 0.00 0.00 0.358 0.251 0.251 3.902 -12.131 -0.971 0.00
blue_cone 0.00 0 0.00 524.66 949.80 610.86 1064.21 0.358 0.251 0.251 5.409 1.563 -0.971 0.00
blue_cone 0.00 0 0.00 797.40 883.17 862.36 959.35 0.358 0.251 0.251 8.508 1.096 -0.971 0.00
blue_cone 0.00 0 0.00 1134.69 849.87 1187.15 909.41 0.358 0.251 0.251 10.883 -0.630 -0.971 0.00
blue_cone 0.00 0 0.00 1538.60 841.54 1583.56 897.76 0.358 0.251 0.251 12.524 -3.444 -0.971 0.00
yellow_cone 0.00 0 0.00 1430.33 921.06 1503.62 1033.08 0.358 0.251 0.251 6.238 -1.339 -0.971 0.00
yellow_cone 0.00 0 0.00 1671.84 881.09 1736.80 961.00 0.358 0.251 0.251 8.559 -3.140 -0.971 0.00
blue_cone 0.00 0 0.00 1913.35 851.96 1958.31 899.43 0.00 0.00 0.00 0.00 0.00 0.00 0.00