yellow_cone 0.00 0 0.00 0.00 0.00 0.00 0.00 0.358 0.251 0.251 19.251 -4.258 -0.971 0.00
yellow_cone 0.00 0 0.00 0.00 0.00 0.00 0.00 0.358 0.251 0.251 15.584 -7.673 -0.971 0.00
blue_cone 0.00 0 0.00 0.00 0.00 0.00 0.00 0.358 0.251 0.251 11.686 -11.696 -0.971 0.00
yellow_cone 0.00 0 0.00 0.00 0.00 0.00 0.00 0.358 0.251 0.251 11.622 -9.256 -0.971 0.00
blue_cone 0.00 0 0.00 0.00 0.00 0.00 0.00 0.358 0.251 0.251 7.390 -12.021 -0.971 0.00
yellow_cone 0.00 0 0.00 0.00 0.00 0.00 0.00 0.358 0.251 0.251 7.662 -9.227 -0.971 0.00
blue_cone 0.00 0 0.00 0.00 0.00 0.00 0.00 0.358 0.251 0.251 4.439 -11.183 -0.971 0.00
yellow_cone 0.00 0 0.00 0.00 0.00 0.00 0.00 0.358 0.251 0.251 5.031 -8.117 -0.971 0.00
yellow_cone 0.00 0 0.00 0.00 0.00 0.00 0.00 0.358 0.251 0.251 3.281 -1.460 -0.971 0.00
yellow_cone 0.00 0 0.00 0.00 0.00 0.00 0.00 0.358 0.251 0.251 18.380 -6.365 -0.971 0.00
blue_cone 0.00 0 0.00 0.00 0.00 0.00 0.00 0.358 0.251 0.251 18.531 -9.766 -0.971 0.00
yellow_cone 0.00 0 0.00 0.00 0.00 0.00 0.00 0.358 0.251 0.251 17.693 -2.241 -0.971 0.00
yellow_cone 0.00 0 0.00 0.00 0.00 0.00 0.00 0.358 0.251 0.251 2.098 -7.594 -0.971 0.00
blue_cone 0.00 0 0.00 0.00 0.00 0.00 0.00 0.358 0.251 0.251 21.036 -7.884 -0.971 0.00
blue_cone 0.00 0 0.00 0.00 0.00 0.00 0.00 0.358 0.251 0.251 16.062 -10.845 -0.971 0.00
blue_cone 0.00 0 0.00 0.00 0.00 0.00 0.00 0.358 0.251 0.251 21.731 -2.436 -0.971 0.00
blue_cone 0.00 0 0.00 0.00 0.00 0.00 0.00 0.358 0.251 0.251 22.230 -4.764 -0.971 0.00
blue_cone 0.00 0 0.00 192.00 1079.61 337.74 1270.55 0.358 0.251 0.251 3.079 1.423 -0.971 0.00
blue_cone 0.00 0 0.00 606.81 910.52 671.91 989.14 0.358 0.251 0.251 6.580 1.572 -0.971 0.00
yellow_cone 0.00 0 0.00 1418.96 923.87 1492.20 1004.47 0.358 0.251 0.251 6.691 -1.505 -0.971 0.00
yellow_cone 0.00 0 0.00 1284.46 864.31 1333.40 936.55 0.358 0.251 0.251 9.619 -1.318 -0.971 0.00
blue_cone 0.00 0 0.00 740.76 854.05 791.28 928.89 0.358 0.251 0.251 9.559 1.573 -0.971 0.00
yellow_cone 0.00 0 0.00 1217.73 832.49 1262.21 899.31 0.358 0.251 0.251 12.743 -1.297 -0.971 0.00
blue_cone 0.00 0 0.00 825.50 825.30 872.32 886.16 0.358 0.251 0.251 12.722 1.505 -0.971 0.00
blue_cone 0.00 0 0.00 896.35 810.92 933.65 860.96 0.358 0.251 0.251 15.796 1.237 -0.971 0.00
yellow_cone 0.00 0 0.00 1194.11 818.11 1229.36 862.06 0.358 0.251 0.251 15.767 -1.390 -0.971 0.00
blue_cone 0.00 0 0.00 1020.59 803.73 1048.65 844.52 0.358 0.251 0.251 18.854 0.191 -0.971 0.00
blue_cone 0.00 0 0.00 1741.48 1073.69 1926.38 1278.60 0.00 0.00 0.00 0.00 0.00 0.00 0.00
yellow_cone 0.00 0 0.00 1762.00 1091.60 1907.87 1268.42 0.00 0.00 0.00 0.00 0.00 0.00 0.00