yellow_cone 0.00 0 0.00 0.00 0.00 0.00 0.00 0.358 0.251 0.251 21.834 -4.537 -0.971 0.00
blue_cone 0.00 0 0.00 0.00 0.00 0.00 0.00 0.358 0.251 0.251 21.517 -0.082 -0.971 0.00
yellow_cone 0.00 0 0.00 0.00 0.00 0.00 0.00 0.358 0.251 0.251 18.107 -7.886 -0.971 0.00
yellow_cone 0.00 0 0.00 0.00 0.00 0.00 0.00 0.358 0.251 0.251 18.402 -1.607 -0.971 0.00
blue_cone 0.00 0 0.00 0.00 0.00 0.00 0.00 0.358 0.251 0.251 14.137 -11.838 -0.971 0.00
yellow_cone 0.00 0 0.00 0.00 0.00 0.00 0.00 0.358 0.251 0.251 14.117 -9.398 -0.971 0.00
blue_cone 0.00 0 0.00 0.00 0.00 0.00 0.00 0.358 0.251 0.251 9.836 -12.086 -0.971 0.00
yellow_cone 0.00 0 0.00 0.00 0.00 0.00 0.00 0.358 0.251 0.251 10.158 -9.298 -0.971 0.00
blue_cone 0.00 0 0.00 0.00 0.00 0.00 0.00 0.358 0.251 0.251 6.900 -11.195 -0.971 0.00
yellow_cone 0.00 0 0.00 0.00 0.00 0.00 0.00 0.358 0.251 0.251 7.547 -8.141 -0.971 0.00
yellow_cone 0.00 0 0.00 0.00 0.00 0.00 0.00 0.358 0.251 0.251 20.926 -6.628 -0.971 0.00
blue_cone 0.00 0 0.00 0.00 0.00 0.00 0.00 0.358 0.251 0.251 21.015 -10.032 -0.971 0.00
blue_cone 0.00 0 0.00 0.00 0.00 0.00 0.00 0.358 0.251 0.251 4.500 -9.981 -0.971 0.00
yellow_cone 0.00 0 0.00 0.00 0.00 0.00 0.00 0.358 0.251 0.251 20.312 -2.492 -0.971 0.00
yellow_cone 0.00 0 0.00 0.00 0.00 0.00 0.00 0.358 0.251 0.251 4.624 -7.565 -0.971 0.00
blue_cone 0.00 0 0.00 0.00 0.00 0.00 0.00 0.358 0.251 0.251 23.554 -8.194 -0.971 0.00
blue_cone 0.00 0 0.00 0.00 0.00 0.00 0.00 0.358 0.251 0.251 18.527 -11.066 -0.971 0.00
blue_cone 0.00 0 0.00 0.00 0.00 0.00 0.00 0.358 0.251 0.251 24.346 -2.760 -0.971 0.00
blue_cone 0.00 0 0.00 0.00 0.00 0.00 0.00 0.358 0.251 0.251 24.803 -5.097 -0.971 0.00
yellow_cone 0.00 0 0.00 1806.00 1105.60 1967.60 1294.02 0.358 0.251 0.251 3.048 -1.476 -0.971 0.00
blue_cone 0.00 0 0.00 184.00 1103.61 333.47 1279.09 0.358 0.251 0.251 3.015 1.413 -0.971 0.00
blue_cone 0.00 0 0.00 576.00 933.60 666.26 1031.55 0.358 0.251 0.251 5.766 1.433 -0.971 0.00
yellow_cone 0.00 0 0.00 1441.56 935.39 1534.17 1041.55 0.358 0.251 0.251 5.917 -1.453 -0.971 0.00
yellow_cone 0.00 0 0.00 1326.64 862.94 1382.28 934.91 0.358 0.251 0.251 9.326 -1.559 -0.971 0.00
blue_cone 0.00 0 0.00 740.77 854.20 798.65 926.92 0.358 0.251 0.251 9.270 1.519 -0.971 0.00
yellow_cone 0.00 0 0.00 1245.03 835.01 1286.77 888.49 0.358 0.251 0.251 12.257 -1.425 -0.971 0.00
yellow_cone 0.00 0 0.00 1203.95 816.75 1245.88 870.96 0.358 0.251 0.251 15.380 -1.460 -0.971 0.00
blue_cone 0.00 0 0.00 823.32 824.96 865.18 884.60 0.358 0.251 0.251 12.248 1.467 -0.971 0.00
blue_cone 0.00 0 0.00 883.56 812.19 920.68 860.25 0.358 0.251 0.251 15.409 1.342 -0.971 0.00
blue_cone 0.00 0 0.00 940.16 800.32 976.18 845.64 0.358 0.251 0.251 18.478 1.019 -0.971 0.00