yellow_cone 0.00 0 0.00 0.00 0.00 0.00 0.00 0.358 0.251 0.251 25.952 -2.181 -0.971 0.00
blue_cone 0.00 0 0.00 0.00 0.00 0.00 0.00 0.358 0.251 0.251 25.188 2.220 -0.971 0.00
yellow_cone 0.00 0 0.00 0.00 0.00 0.00 0.00 0.358 0.251 0.251 22.581 -5.889 -0.971 0.00
blue_cone 0.00 0 0.00 0.00 0.00 0.00 0.00 0.358 0.251 0.251 22.053 3.009 -0.971 0.00
yellow_cone 0.00 0 0.00 0.00 0.00 0.00 0.00 0.358 0.251 0.251 22.242 0.388 -0.971 0.00
blue_cone 0.00 0 0.00 0.00 0.00 0.00 0.00 0.358 0.251 0.251 19.030 -10.221 -0.971 0.00
yellow_cone 0.00 0 0.00 0.00 0.00 0.00 0.00 0.358 0.251 0.251 18.765 -7.795 -0.971 0.00
yellow_cone 0.00 0 0.00 0.00 0.00 0.00 0.00 0.358 0.251 0.251 19.221 0.229 -0.971 0.00
blue_cone 0.00 0 0.00 0.00 0.00 0.00 0.00 0.358 0.251 0.251 14.776 -10.901 -0.971 0.00
yellow_cone 0.00 0 0.00 0.00 0.00 0.00 0.00 0.358 0.251 0.251 14.816 -8.095 -0.971 0.00
blue_cone 0.00 0 0.00 0.00 0.00 0.00 0.00 0.358 0.251 0.251 11.766 -10.311 -0.971 0.00
yellow_cone 0.00 0 0.00 0.00 0.00 0.00 0.00 0.358 0.251 0.251 16.110 -0.050 -0.971 0.00
yellow_cone 0.00 0 0.00 0.00 0.00 0.00 0.00 0.358 0.251 0.251 12.101 -7.207 -0.971 0.00
yellow_cone 0.00 0 0.00 0.00 0.00 0.00 0.00 0.358 0.251 0.251 25.259 -4.353 -0.971 0.00
blue_cone 0.00 0 0.00 0.00 0.00 0.00 0.00 0.358 0.251 0.251 25.691 -7.730 -0.971 0.00
blue_cone 0.00 0 0.00 0.00 0.00 0.00 0.00 0.358 0.251 0.251 9.255 -9.345 -0.971 0.00
yellow_cone 0.00 0 0.00 0.00 0.00 0.00 0.00 0.358 0.251 0.251 24.232 -0.300 -0.971 0.00
yellow_cone 0.00 0 0.00 0.00 0.00 0.00 0.00 0.358 0.251 0.251 9.135 -6.928 -0.971 0.00
blue_cone 0.00 0 0.00 0.00 0.00 0.00 0.00 0.358 0.251 0.251 28.032 -5.646 -0.971 0.00
blue_cone 0.00 0 0.00 0.00 0.00 0.00 0.00 0.358 0.251 0.251 23.320 -9.010 -0.971 0.00
blue_cone 0.00 0 0.00 0.00 0.00 0.00 0.00 0.358 0.251 0.251 28.272 -0.160 -0.971 0.00
blue_cone 0.00 0 0.00 0.00 0.00 0.00 0.00 0.358 0.251 0.251 28.962 -2.438 -0.971 0.00
blue_cone 0.00 0 0.00 0.00 0.00 0.00 0.00 0.358 0.251 0.251 7.415 -10.904 -0.971 0.00
blue_cone 0.00 0 0.00 0.00 0.00 0.00 0.00 0.358 0.251 0.251 3.311 -12.112 -0.971 0.00
yellow_cone 0.00 0 0.00 0.00 0.00 0.00 0.00 0.358 0.251 0.251 3.158 -9.196 -0.971 0.00
yellow_cone 0.00 0 0.00 0.00 0.00 0.00 0.00 0.358 0.251 0.251 5.957 -8.400 -0.971 0.00
blue_cone 0.00 0 0.00 316.66 1027.33 436.00 1186.40 0.358 0.251 0.251 3.719 1.450 -0.971 0.00
blue_cone 0.00 0 0.00 516.35 901.67 599.65 1010.19 0.358 0.251 0.251 6.629 1.841 -0.971 0.00
yellow_cone 0.00 0 0.00 1273.84 894.37 1351.78 994.62 0.358 0.251 0.251 6.953 -1.030 -0.971 0.00
blue_cone 0.00 0 0.00 618.65 843.21 679.55 928.40 0.358 0.251 0.251 9.364 2.138 -0.971 0.00
yellow_cone 0.00 0 0.00 1149.62 852.96 1219.28 930.35 0.358 0.251 0.251 9.805 -0.717 -0.971 0.00
yellow_cone 0.00 0 0.00 1105.19 831.44 1151.43 895.47 0.358 0.251 0.251 13.207 -0.479 -0.971 0.00
blue_cone 0.00 0 0.00 679.75 826.81 719.52 874.21 0.358 0.251 0.251 12.841 2.577 -0.971 0.00
blue_cone 0.00 0 0.00 727.16 810.63 756.52 850.18 0.358 0.251 0.251 15.809 2.826 -0.971 0.00
blue_cone 0.00 0 0.00 759.53 796.75 788.89 836.31 0.358 0.251 0.251 18.967 3.020 -0.971 0.00
yellow_cone 0.00 0 0.00 1520.56 1025.22 1666.32 1193.20 0.00 0.00 0.00 0.00 0.00 0.00 0.00
yellow_cone 0.00 0 0.00 1432.16 989.36 1527.14 1113.40 0.00 0.00 0.00 0.00 0.00 0.00 0.00