yellow_cone 0.00 0 0.00 0.00 0.00 0.00 0.00 0.358 0.251 0.251 23.267 -3.662 -0.971 0.00
blue_cone 0.00 0 0.00 0.00 0.00 0.00 0.00 0.358 0.251 0.251 22.797 0.779 -0.971 0.00
yellow_cone 0.00 0 0.00 0.00 0.00 0.00 0.00 0.358 0.251 0.251 19.658 -7.138 -0.971 0.00
blue_cone 0.00 0 0.00 0.00 0.00 0.00 0.00 0.358 0.251 0.251 19.722 1.775 -0.971 0.00
yellow_cone 0.00 0 0.00 0.00 0.00 0.00 0.00 0.358 0.251 0.251 19.736 -0.853 -0.971 0.00
blue_cone 0.00 0 0.00 0.00 0.00 0.00 0.00 0.358 0.251 0.251 15.827 -11.225 -0.971 0.00
yellow_cone 0.00 0 0.00 0.00 0.00 0.00 0.00 0.358 0.251 0.251 15.723 -8.787 -0.971 0.00
blue_cone 0.00 0 0.00 0.00 0.00 0.00 0.00 0.358 0.251 0.251 11.537 -11.621 -0.971 0.00
yellow_cone 0.00 0 0.00 0.00 0.00 0.00 0.00 0.358 0.251 0.251 11.824 -8.735 -0.971 0.00
blue_cone 0.00 0 0.00 0.00 0.00 0.00 0.00 0.358 0.251 0.251 8.573 -10.833 -0.971 0.00
yellow_cone 0.00 0 0.00 0.00 0.00 0.00 0.00 0.358 0.251 0.251 9.114 -7.758 -0.971 0.00
yellow_cone 0.00 0 0.00 0.00 0.00 0.00 0.00 0.358 0.251 0.251 22.432 -5.783 -0.971 0.00
blue_cone 0.00 0 0.00 0.00 0.00 0.00 0.00 0.358 0.251 0.251 22.639 -9.182 -0.971 0.00
blue_cone 0.00 0 0.00 0.00 0.00 0.00 0.00 0.358 0.251 0.251 6.132 -9.702 -0.971 0.00
yellow_cone 0.00 0 0.00 0.00 0.00 0.00 0.00 0.358 0.251 0.251 21.676 -1.672 -0.971 0.00
yellow_cone 0.00 0 0.00 0.00 0.00 0.00 0.00 0.358 0.251 0.251 6.173 -7.283 -0.971 0.00
blue_cone 0.00 0 0.00 0.00 0.00 0.00 0.00 0.358 0.251 0.251 25.140 -7.143 -0.971 0.00
blue_cone 0.00 0 0.00 0.00 0.00 0.00 0.00 0.358 0.251 0.251 20.188 -10.301 -0.971 0.00
blue_cone 0.00 0 0.00 0.00 0.00 0.00 0.00 0.358 0.251 0.251 25.716 -1.800 -0.971 0.00
blue_cone 0.00 0 0.00 0.00 0.00 0.00 0.00 0.358 0.251 0.251 26.322 -4.031 -0.971 0.00
blue_cone 0.00 0 0.00 0.00 0.00 0.00 0.00 0.358 0.251 0.251 4.192 -11.136 -0.971 0.00
yellow_cone 0.00 0 0.00 0.00 0.00 0.00 0.00 0.358 0.251 0.251 2.903 -8.541 -0.971 0.00
yellow_cone 0.00 0 0.00 1511.53 1001.61 1607.80 1129.53 0.358 0.251 0.251 4.386 -1.252 -0.971 0.00
blue_cone 0.00 0 0.00 336.00 983.60 448.66 1136.11 0.358 0.251 0.251 4.254 1.633 -0.971 0.00
yellow_cone 0.00 0 0.00 1304.15 900.42 1367.94 988.24 0.358 0.251 0.251 7.253 -1.130 -0.971 0.00
blue_cone 0.00 0 0.00 582.12 890.43 644.41 986.91 0.358 0.251 0.251 7.003 1.748 -0.971 0.00
blue_cone 0.00 0 0.00 703.30 846.70 748.35 905.60 0.358 0.251 0.251 10.501 1.956 -0.971 0.00
yellow_cone 0.00 0 0.00 1222.46 851.45 1268.02 902.94 0.358 0.251 0.251 10.664 -1.118 -0.971 0.00
blue_cone 0.00 0 0.00 772.00 821.72 810.98 869.62 0.358 0.251 0.251 13.480 2.007 -0.971 0.00
yellow_cone 0.00 0 0.00 1151.76 822.97 1189.40 878.95 0.358 0.251 0.251 13.588 -0.883 -0.971 0.00
yellow_cone 0.00 0 0.00 1116.78 807.98 1154.76 849.62 0.358 0.251 0.251 16.711 -0.810 -0.971 0.00
blue_cone 0.00 0 0.00 826.96 805.48 857.62 846.96 0.358 0.251 0.251 16.643 1.991 -0.971 0.00
yellow_cone 0.00 0 0.00 1926.00 1337.60 2048.00 1530.90 0.00 0.00 0.00 0.00 0.00 0.00 0.00
blue_cone 0.00 0 0.00 883.18 796.74 905.58 830.97 0.00 0.00 0.00 0.00 0.00 0.00 0.00