yellow_cone 0.00 0 0.00 0.00 0.00 0.00 0.00 0.358 0.251 0.251 1.777 -1.385 -0.971 0.00
yellow_cone 0.00 0 0.00 0.00 0.00 0.00 0.00 0.358 0.251 0.251 15.973 -4.480 -0.971 0.00
yellow_cone 0.00 0 0.00 0.00 0.00 0.00 0.00 0.358 0.251 0.251 16.204 -11.806 -0.971 0.00
yellow_cone 0.00 0 0.00 0.00 0.00 0.00 0.00 0.358 0.251 0.251 17.610 -6.920 -0.971 0.00
blue_cone 0.00 0 0.00 0.00 0.00 0.00 0.00 0.358 0.251 0.251 20.606 -5.268 -0.971 0.00
blue_cone 0.00 0 0.00 0.00 0.00 0.00 0.00 0.358 0.251 0.251 21.277 -8.455 -0.971 0.00
blue_cone 0.00 0 0.00 0.00 0.00 0.00 0.00 0.358 0.251 0.251 18.895 -2.883 -0.971 0.00
blue_cone 0.00 0 0.00 0.00 0.00 0.00 0.00 0.358 0.251 0.251 17.575 -14.990 -0.971 0.00
yellow_cone 0.00 0 0.00 0.00 0.00 0.00 0.00 0.358 0.251 0.251 17.338 -9.697 -0.971 0.00
blue_cone 0.00 0 0.00 0.00 0.00 0.00 0.00 0.358 0.251 0.251 19.632 -13.650 -0.971 0.00
blue_cone 0.00 0 0.00 0.00 0.00 0.00 0.00 0.358 0.251 0.251 20.856 -11.587 -0.971 0.00
yellow_cone 0.00 0 0.00 0.00 0.00 0.00 0.00 0.358 0.251 0.251 4.332 -9.502 -0.971 0.00
yellow_cone 0.00 0 0.00 0.00 0.00 0.00 0.00 0.358 0.251 0.251 7.498 -10.264 -0.971 0.00
yellow_cone 0.00 0 0.00 0.00 0.00 0.00 0.00 0.358 0.251 0.251 13.449 -11.288 -0.971 0.00
yellow_cone 0.00 0 0.00 0.00 0.00 0.00 0.00 0.358 0.251 0.251 10.767 -10.916 -0.971 0.00
blue_cone 0.00 0 0.00 0.00 0.00 0.00 0.00 0.358 0.251 0.251 13.392 -14.697 -0.971 0.00
blue_cone 0.00 0 0.00 0.00 0.00 0.00 0.00 0.358 0.251 0.251 10.360 -13.988 -0.971 0.00
blue_cone 0.00 0 0.00 0.00 0.00 0.00 0.00 0.358 0.251 0.251 3.716 -12.339 -0.971 0.00
blue_cone 0.00 0 0.00 0.00 0.00 0.00 0.00 0.358 0.251 0.251 6.976 -13.141 -0.971 0.00
blue_cone 0.00 0 0.00 588.91 953.50 664.01 1065.42 0.358 0.251 0.251 5.437 1.331 -0.971 0.00
yellow_cone 0.00 0 0.00 1553.32 996.81 1652.49 1121.87 0.358 0.251 0.251 4.685 -1.490 -0.971 0.00
yellow_cone 0.00 0 0.00 1465.06 890.92 1518.98 961.50 0.358 0.251 0.251 8.216 -2.063 -0.971 0.00
blue_cone 0.00 0 0.00 970.82 879.68 1010.62 946.11 0.358 0.251 0.251 8.998 0.399 -0.971 0.00
blue_cone 0.00 0 0.00 1128.09 841.17 1167.24 896.08 0.358 0.251 0.251 12.206 -0.728 -0.971 0.00
blue_cone 0.00 0 0.00 1211.52 825.12 1244.26 871.70 0.358 0.251 0.251 16.100 -1.464 -0.971 0.00
yellow_cone 0.00 0 0.00 1490.74 845.98 1535.66 908.90 0.358 0.251 0.251 11.513 -2.926 -0.971 0.00