yellow_cone 0.00 0 0.00 0.00 0.00 0.00 0.00 0.358 0.251 0.251 28.715 -3.615 -0.971 0.00
yellow_cone 0.00 0 0.00 0.00 0.00 0.00 0.00 0.358 0.251 0.251 25.139 -7.126 -0.971 0.00
blue_cone 0.00 0 0.00 0.00 0.00 0.00 0.00 0.358 0.251 0.251 21.348 -11.250 -0.971 0.00
yellow_cone 0.00 0 0.00 0.00 0.00 0.00 0.00 0.358 0.251 0.251 21.221 -8.813 -0.971 0.00
blue_cone 0.00 0 0.00 0.00 0.00 0.00 0.00 0.358 0.251 0.251 17.062 -11.688 -0.971 0.00
yellow_cone 0.00 0 0.00 0.00 0.00 0.00 0.00 0.358 0.251 0.251 17.261 -8.889 -0.971 0.00
blue_cone 0.00 0 0.00 0.00 0.00 0.00 0.00 0.358 0.251 0.251 14.090 -10.929 -0.971 0.00
yellow_cone 0.00 0 0.00 0.00 0.00 0.00 0.00 0.358 0.251 0.251 14.602 -7.848 -0.971 0.00
yellow_cone 0.00 0 0.00 0.00 0.00 0.00 0.00 0.358 0.251 0.251 27.900 -5.744 -0.971 0.00
blue_cone 0.00 0 0.00 0.00 0.00 0.00 0.00 0.358 0.251 0.251 28.140 -9.141 -0.971 0.00
blue_cone 0.00 0 0.00 0.00 0.00 0.00 0.00 0.358 0.251 0.251 11.639 -9.821 -0.971 0.00
yellow_cone 0.00 0 0.00 0.00 0.00 0.00 0.00 0.358 0.251 0.251 27.104 -1.640 -0.971 0.00
yellow_cone 0.00 0 0.00 0.00 0.00 0.00 0.00 0.358 0.251 0.251 11.656 -7.402 -0.971 0.00
blue_cone 0.00 0 0.00 0.00 0.00 0.00 0.00 0.358 0.251 0.251 30.595 -7.193 -0.971 0.00
blue_cone 0.00 0 0.00 0.00 0.00 0.00 0.00 0.358 0.251 0.251 25.700 -10.284 -0.971 0.00
blue_cone 0.00 0 0.00 0.00 0.00 0.00 0.00 0.358 0.251 0.251 31.146 -1.729 -0.971 0.00
blue_cone 0.00 0 0.00 0.00 0.00 0.00 0.00 0.358 0.251 0.251 31.706 -4.043 -0.971 0.00
blue_cone 0.00 0 0.00 0.00 0.00 0.00 0.00 0.358 0.251 0.251 9.713 -11.274 -0.971 0.00
blue_cone 0.00 0 0.00 0.00 0.00 0.00 0.00 0.358 0.251 0.251 5.547 -12.247 -0.971 0.00
yellow_cone 0.00 0 0.00 0.00 0.00 0.00 0.00 0.358 0.251 0.251 5.560 -9.327 -0.971 0.00
yellow_cone 0.00 0 0.00 0.00 0.00 0.00 0.00 0.358 0.251 0.251 8.399 -8.692 -0.971 0.00
blue_cone 0.00 0 0.00 0.00 0.00 0.00 0.00 0.358 0.251 0.251 6.723 1.269 -0.971 0.00
blue_cone 0.00 0 0.00 0.00 0.00 0.00 0.00 0.358 0.251 0.251 3.747 1.413 -0.971 0.00
blue_cone 0.00 0 0.00 343.34 1024.00 468.00 1183.74 0.358 0.251 0.251 9.650 1.495 -0.971 0.00
yellow_cone 0.00 0 0.00 1379.26 914.15 1440.52 1001.72 0.358 0.251 0.251 9.811 -1.389 -0.971 0.00
yellow_cone 0.00 0 0.00 1338.19 888.48 1393.98 968.89 0.358 0.251 0.251 12.676 -1.239 -0.971 0.00
blue_cone 0.00 0 0.00 684.50 900.45 743.71 979.83 0.358 0.251 0.251 12.398 1.637 -0.971 0.00
yellow_cone 0.00 0 0.00 1274.88 855.97 1321.43 921.00 0.358 0.251 0.251 16.087 -1.194 -0.971 0.00
blue_cone 0.00 0 0.00 754.66 854.25 792.99 921.00 0.358 0.251 0.251 15.895 1.878 -0.971 0.00
yellow_cone 0.00 0 0.00 1203.01 830.29 1243.39 882.69 0.358 0.251 0.251 18.913 -1.002 -0.971 0.00
blue_cone 0.00 0 0.00 790.60 833.72 828.59 886.80 0.358 0.251 0.251 18.872 1.958 -0.971 0.00
yellow_cone 0.00 0 0.00 1161.93 816.60 1198.21 867.64 0.358 0.251 0.251 22.131 -0.828 -0.971 0.00
yellow_cone 0.00 0 0.00 1128.88 803.13 1158.05 847.43 0.358 0.251 0.251 25.157 -0.841 -0.971 0.00
blue_cone 0.00 0 0.00 879.38 796.98 901.52 827.06 0.358 0.251 0.251 28.201 0.821 -0.971 0.00
blue_cone 0.00 0 0.00 853.91 802.92 879.24 840.28 0.358 0.251 0.251 25.116 1.787 -0.971 0.00
blue_cone 0.00 0 0.00 819.68 811.47 854.60 863.53 0.358 0.251 0.251 22.036 1.973 -0.971 0.00
yellow_cone 0.00 0 0.00 1660.01 1014.00 1785.34 1186.40 0.358 0.251 0.251 3.870 -1.488 -0.971 0.00