yellow_cone 0.00 0 0.00 0.00 0.00 0.00 0.00 0.358 0.251 0.251 23.267 -3.666 -0.971 0.00
yellow_cone 0.00 0 0.00 0.00 0.00 0.00 0.00 0.358 0.251 0.251 19.656 -7.141 -0.971 0.00
yellow_cone 0.00 0 0.00 0.00 0.00 0.00 0.00 0.358 0.251 0.251 19.737 -0.856 -0.971 0.00
blue_cone 0.00 0 0.00 0.00 0.00 0.00 0.00 0.358 0.251 0.251 15.824 -11.226 -0.971 0.00
yellow_cone 0.00 0 0.00 0.00 0.00 0.00 0.00 0.358 0.251 0.251 15.721 -8.788 -0.971 0.00
blue_cone 0.00 0 0.00 0.00 0.00 0.00 0.00 0.358 0.251 0.251 11.534 -11.621 -0.971 0.00
yellow_cone 0.00 0 0.00 0.00 0.00 0.00 0.00 0.358 0.251 0.251 11.760 -8.824 -0.971 0.00
blue_cone 0.00 0 0.00 0.00 0.00 0.00 0.00 0.358 0.251 0.251 8.569 -10.832 -0.971 0.00
yellow_cone 0.00 0 0.00 0.00 0.00 0.00 0.00 0.358 0.251 0.251 9.112 -7.757 -0.971 0.00
yellow_cone 0.00 0 0.00 0.00 0.00 0.00 0.00 0.358 0.251 0.251 22.430 -5.787 -0.971 0.00
blue_cone 0.00 0 0.00 0.00 0.00 0.00 0.00 0.358 0.251 0.251 22.636 -9.186 -0.971 0.00
blue_cone 0.00 0 0.00 0.00 0.00 0.00 0.00 0.358 0.251 0.251 6.129 -9.700 -0.971 0.00
yellow_cone 0.00 0 0.00 0.00 0.00 0.00 0.00 0.358 0.251 0.251 21.676 -1.675 -0.971 0.00
yellow_cone 0.00 0 0.00 0.00 0.00 0.00 0.00 0.358 0.251 0.251 6.171 -7.281 -0.971 0.00
blue_cone 0.00 0 0.00 0.00 0.00 0.00 0.00 0.358 0.251 0.251 25.111 -7.263 -0.971 0.00
blue_cone 0.00 0 0.00 0.00 0.00 0.00 0.00 0.358 0.251 0.251 20.185 -10.304 -0.971 0.00
blue_cone 0.00 0 0.00 0.00 0.00 0.00 0.00 0.358 0.251 0.251 25.716 -1.805 -0.971 0.00
blue_cone 0.00 0 0.00 0.00 0.00 0.00 0.00 0.358 0.251 0.251 26.253 -4.124 -0.971 0.00
blue_cone 0.00 0 0.00 0.00 0.00 0.00 0.00 0.358 0.251 0.251 4.189 -11.133 -0.971 0.00
yellow_cone 0.00 0 0.00 0.00 0.00 0.00 0.00 0.358 0.251 0.251 2.901 -8.538 -0.971 0.00
yellow_cone 0.00 0 0.00 1498.00 985.61 1617.73 1129.72 0.358 0.251 0.251 4.387 -1.250 -0.971 0.00
blue_cone 0.00 0 0.00 324.00 991.60 450.80 1138.25 0.358 0.251 0.251 4.255 1.636 -0.971 0.00
blue_cone 0.00 0 0.00 574.00 893.60 651.33 991.00 0.358 0.251 0.251 7.004 1.750 -0.971 0.00
yellow_cone 0.00 0 0.00 1296.00 897.60 1374.54 984.60 0.358 0.251 0.251 7.253 -1.129 -0.971 0.00
yellow_cone 0.00 0 0.00 1218.61 849.64 1271.16 905.82 0.358 0.251 0.251 10.664 -1.118 -0.971 0.00
blue_cone 0.00 0 0.00 706.35 847.12 746.35 900.42 0.358 0.251 0.251 10.503 1.956 -0.971 0.00
yellow_cone 0.00 0 0.00 1151.10 827.71 1189.24 878.81 0.358 0.251 0.251 13.589 -0.884 -0.971 0.00
blue_cone 0.00 0 0.00 774.71 815.90 811.17 868.91 0.358 0.251 0.251 13.481 2.006 -0.971 0.00
blue_cone 0.00 0 0.00 823.66 802.39 859.78 856.29 0.358 0.251 0.251 16.644 1.989 -0.971 0.00
yellow_cone 0.00 0 0.00 1124.93 814.21 1160.43 861.70 0.358 0.251 0.251 16.711 -0.812 -0.971 0.00
blue_cone 0.00 0 0.00 877.67 795.64 902.09 833.78 0.358 0.251 0.251 19.723 1.772 -0.971 0.00
blue_cone 0.00 0 0.00 978.10 792.26 1003.81 827.48 0.358 0.251 0.251 22.798 0.775 -0.971 0.00
yellow_cone 0.00 0 0.00 1928.00 1353.60 2048.00 1536.00 0.00 0.00 0.00 0.00 0.00 0.00 0.00