yellow_cone 0.00 0 0.00 0.00 0.00 0.00 0.00 0.358 0.251 0.251 23.268 -3.659 -0.971 0.00
blue_cone 0.00 0 0.00 0.00 0.00 0.00 0.00 0.358 0.251 0.251 22.797 0.783 -0.971 0.00
yellow_cone 0.00 0 0.00 0.00 0.00 0.00 0.00 0.358 0.251 0.251 19.659 -7.135 -0.971 0.00
yellow_cone 0.00 0 0.00 0.00 0.00 0.00 0.00 0.358 0.251 0.251 19.736 -0.850 -0.971 0.00
blue_cone 0.00 0 0.00 0.00 0.00 0.00 0.00 0.358 0.251 0.251 15.828 -11.222 -0.971 0.00
yellow_cone 0.00 0 0.00 0.00 0.00 0.00 0.00 0.358 0.251 0.251 15.724 -8.784 -0.971 0.00
blue_cone 0.00 0 0.00 0.00 0.00 0.00 0.00 0.358 0.251 0.251 11.538 -11.619 -0.971 0.00
yellow_cone 0.00 0 0.00 0.00 0.00 0.00 0.00 0.358 0.251 0.251 11.800 -8.711 -0.971 0.00
blue_cone 0.00 0 0.00 0.00 0.00 0.00 0.00 0.358 0.251 0.251 8.574 -10.831 -0.971 0.00
yellow_cone 0.00 0 0.00 0.00 0.00 0.00 0.00 0.358 0.251 0.251 9.115 -7.756 -0.971 0.00
yellow_cone 0.00 0 0.00 0.00 0.00 0.00 0.00 0.358 0.251 0.251 22.432 -5.780 -0.971 0.00
blue_cone 0.00 0 0.00 0.00 0.00 0.00 0.00 0.358 0.251 0.251 22.640 -9.178 -0.971 0.00
blue_cone 0.00 0 0.00 0.00 0.00 0.00 0.00 0.358 0.251 0.251 6.133 -9.700 -0.971 0.00
yellow_cone 0.00 0 0.00 0.00 0.00 0.00 0.00 0.358 0.251 0.251 21.676 -1.668 -0.971 0.00
yellow_cone 0.00 0 0.00 0.00 0.00 0.00 0.00 0.358 0.251 0.251 6.173 -7.282 -0.971 0.00
blue_cone 0.00 0 0.00 0.00 0.00 0.00 0.00 0.358 0.251 0.251 25.114 -7.254 -0.971 0.00
blue_cone 0.00 0 0.00 0.00 0.00 0.00 0.00 0.358 0.251 0.251 20.189 -10.298 -0.971 0.00
blue_cone 0.00 0 0.00 0.00 0.00 0.00 0.00 0.358 0.251 0.251 25.716 -1.796 -0.971 0.00
blue_cone 0.00 0 0.00 0.00 0.00 0.00 0.00 0.358 0.251 0.251 26.255 -4.115 -0.971 0.00
blue_cone 0.00 0 0.00 0.00 0.00 0.00 0.00 0.358 0.251 0.251 4.193 -11.135 -0.971 0.00
yellow_cone 0.00 0 0.00 0.00 0.00 0.00 0.00 0.358 0.251 0.251 2.904 -8.540 -0.971 0.00
yellow_cone 0.00 0 0.00 1504.00 993.60 1615.60 1133.98 0.358 0.251 0.251 4.386 -1.251 -0.971 0.00
blue_cone 0.00 0 0.00 344.28 998.62 438.69 1124.03 0.358 0.251 0.251 4.253 1.635 -0.971 0.00
blue_cone 0.00 0 0.00 586.79 903.35 646.55 983.81 0.358 0.251 0.251 7.002 1.750 -0.971 0.00
yellow_cone 0.00 0 0.00 1308.21 904.05 1371.41 978.62 0.358 0.251 0.251 7.253 -1.128 -0.971 0.00
yellow_cone 0.00 0 0.00 1224.99 850.72 1266.34 909.99 0.358 0.251 0.251 10.664 -1.116 -0.971 0.00
blue_cone 0.00 0 0.00 702.23 844.23 744.09 900.64 0.358 0.251 0.251 10.501 1.958 -0.971 0.00
yellow_cone 0.00 0 0.00 1154.76 827.32 1192.47 876.72 0.358 0.251 0.251 13.588 -0.881 -0.971 0.00
blue_cone 0.00 0 0.00 777.64 819.51 809.63 869.45 0.358 0.251 0.251 13.479 2.009 -0.971 0.00
yellow_cone 0.00 0 0.00 1124.86 810.41 1158.14 853.85 0.358 0.251 0.251 16.711 -0.808 -0.971 0.00
blue_cone 0.00 0 0.00 828.36 813.01 855.40 849.69 0.358 0.251 0.251 16.643 1.994 -0.971 0.00
blue_cone 0.00 0 0.00 880.38 801.30 904.31 833.05 0.358 0.251 0.251 19.721 1.778 -0.971 0.00
yellow_cone 0.00 0 0.00 1934.00 1357.60 2048.00 1536.00 0.00 0.00 0.00 0.00 0.00 0.00 0.00