yellow_cone 0.00 0 0.00 0.00 0.00 0.00 0.00 0.358 0.251 0.251 2.306 -1.426 -0.971 0.00
yellow_cone 0.00 0 0.00 0.00 0.00 0.00 0.00 0.358 0.251 0.251 12.161 -9.273 -0.971 0.00
blue_cone 0.00 0 0.00 0.00 0.00 0.00 0.00 0.358 0.251 0.251 16.417 -4.932 -0.971 0.00
blue_cone 0.00 0 0.00 0.00 0.00 0.00 0.00 0.358 0.251 0.251 14.170 -12.099 -0.971 0.00
yellow_cone 0.00 0 0.00 0.00 0.00 0.00 0.00 0.358 0.251 0.251 12.826 -6.974 -0.971 0.00
blue_cone 0.00 0 0.00 0.00 0.00 0.00 0.00 0.358 0.251 0.251 15.900 -10.357 -0.971 0.00
blue_cone 0.00 0 0.00 0.00 0.00 0.00 0.00 0.358 0.251 0.251 16.663 -8.083 -0.971 0.00
yellow_cone 0.00 0 0.00 0.00 0.00 0.00 0.00 0.358 0.251 0.251 3.326 -9.594 -0.971 0.00
yellow_cone 0.00 0 0.00 0.00 0.00 0.00 0.00 0.358 0.251 0.251 9.358 -9.346 -0.971 0.00
yellow_cone 0.00 0 0.00 0.00 0.00 0.00 0.00 0.358 0.251 0.251 6.658 -9.546 -0.971 0.00
blue_cone 0.00 0 0.00 0.00 0.00 0.00 0.00 0.358 0.251 0.251 10.019 -12.690 -0.971 0.00
blue_cone 0.00 0 0.00 0.00 0.00 0.00 0.00 0.358 0.251 0.251 6.906 -12.634 -0.971 0.00
blue_cone 0.00 0 0.00 0.00 0.00 0.00 0.00 0.358 0.251 0.251 3.419 -12.517 -0.971 0.00
blue_cone 0.00 0 0.00 240.00 1160.66 390.66 1388.94 0.358 0.251 0.251 2.553 1.146 -0.971 0.00
blue_cone 0.00 0 0.00 756.66 897.33 841.34 1018.51 0.358 0.251 0.251 6.011 0.745 -0.971 0.00
yellow_cone 0.00 0 0.00 1494.05 946.45 1588.17 1049.03 0.358 0.251 0.251 5.710 -1.577 -0.971 0.00
blue_cone 0.00 0 0.00 897.42 854.31 944.48 930.63 0.358 0.251 0.251 9.887 0.816 -0.971 0.00
yellow_cone 0.00 0 0.00 1424.94 852.66 1464.42 922.74 0.358 0.251 0.251 10.397 -2.159 -0.971 0.00
blue_cone 0.00 0 0.00 1275.20 816.46 1303.84 864.86 0.358 0.251 0.251 12.918 0.016 -0.971 0.00
blue_cone 0.00 0 0.00 1584.69 817.92 1612.21 862.12 0.358 0.251 0.251 15.091 -1.957 -0.971 0.00
yellow_cone 0.00 0 0.00 1623.44 835.36 1664.90 893.10 0.358 0.251 0.251 12.509 -4.201 -0.971 0.00
yellow_cone 0.00 0 0.00 1931.34 1280.67 2048.01 1476.89 0.00 0.00 0.00 0.00 0.00 0.00 0.00
yellow_cone 0.00 0 0.00 1964.41 839.23 2005.87 890.00 0.00 0.00 0.00 0.00 0.00 0.00 0.00
blue_cone 0.00 0 0.00 1886.91 829.55 1920.62 871.41 0.00 0.00 0.00 0.00 0.00 0.00 0.00