yellow_cone 0.00 0 0.00 0.00 0.00 0.00 0.00 0.358 0.251 0.251 23.268 -3.666 -0.971 0.00
blue_cone 0.00 0 0.00 0.00 0.00 0.00 0.00 0.358 0.251 0.251 22.799 0.776 -0.971 0.00
yellow_cone 0.00 0 0.00 0.00 0.00 0.00 0.00 0.358 0.251 0.251 19.658 -7.141 -0.971 0.00
blue_cone 0.00 0 0.00 0.00 0.00 0.00 0.00 0.358 0.251 0.251 19.724 1.772 -0.971 0.00
yellow_cone 0.00 0 0.00 0.00 0.00 0.00 0.00 0.358 0.251 0.251 19.738 -0.855 -0.971 0.00
blue_cone 0.00 0 0.00 0.00 0.00 0.00 0.00 0.358 0.251 0.251 15.826 -11.226 -0.971 0.00
yellow_cone 0.00 0 0.00 0.00 0.00 0.00 0.00 0.358 0.251 0.251 15.723 -8.788 -0.971 0.00
blue_cone 0.00 0 0.00 0.00 0.00 0.00 0.00 0.358 0.251 0.251 11.536 -11.621 -0.971 0.00
yellow_cone 0.00 0 0.00 0.00 0.00 0.00 0.00 0.358 0.251 0.251 11.762 -8.824 -0.971 0.00
blue_cone 0.00 0 0.00 0.00 0.00 0.00 0.00 0.358 0.251 0.251 8.571 -10.832 -0.971 0.00
yellow_cone 0.00 0 0.00 0.00 0.00 0.00 0.00 0.358 0.251 0.251 9.113 -7.757 -0.971 0.00
yellow_cone 0.00 0 0.00 0.00 0.00 0.00 0.00 0.358 0.251 0.251 22.432 -5.787 -0.971 0.00
blue_cone 0.00 0 0.00 0.00 0.00 0.00 0.00 0.358 0.251 0.251 22.638 -9.185 -0.971 0.00
blue_cone 0.00 0 0.00 0.00 0.00 0.00 0.00 0.358 0.251 0.251 6.131 -9.700 -0.971 0.00
yellow_cone 0.00 0 0.00 0.00 0.00 0.00 0.00 0.358 0.251 0.251 21.677 -1.675 -0.971 0.00
yellow_cone 0.00 0 0.00 0.00 0.00 0.00 0.00 0.358 0.251 0.251 6.173 -7.281 -0.971 0.00
blue_cone 0.00 0 0.00 0.00 0.00 0.00 0.00 0.358 0.251 0.251 25.113 -7.262 -0.971 0.00
blue_cone 0.00 0 0.00 0.00 0.00 0.00 0.00 0.358 0.251 0.251 20.187 -10.304 -0.971 0.00
blue_cone 0.00 0 0.00 0.00 0.00 0.00 0.00 0.358 0.251 0.251 25.718 -1.804 -0.971 0.00
blue_cone 0.00 0 0.00 0.00 0.00 0.00 0.00 0.358 0.251 0.251 26.255 -4.124 -0.971 0.00
blue_cone 0.00 0 0.00 0.00 0.00 0.00 0.00 0.358 0.251 0.251 4.191 -11.133 -0.971 0.00
yellow_cone 0.00 0 0.00 0.00 0.00 0.00 0.00 0.358 0.251 0.251 2.903 -8.538 -0.971 0.00
yellow_cone 0.00 0 0.00 1507.44 994.31 1614.02 1133.99 0.358 0.251 0.251 4.388 -1.250 -0.971 0.00
blue_cone 0.00 0 0.00 332.13 988.27 444.40 1136.12 0.358 0.251 0.251 4.256 1.636 -0.971 0.00
blue_cone 0.00 0 0.00 581.04 894.62 644.14 982.76 0.358 0.251 0.251 7.005 1.750 -0.971 0.00
yellow_cone 0.00 0 0.00 1300.85 891.02 1369.31 982.77 0.358 0.251 0.251 7.255 -1.129 -0.971 0.00
blue_cone 0.00 0 0.00 705.07 848.97 747.91 900.73 0.358 0.251 0.251 10.504 1.956 -0.971 0.00
yellow_cone 0.00 0 0.00 1219.16 847.77 1275.78 910.99 0.358 0.251 0.251 10.665 -1.118 -0.971 0.00
blue_cone 0.00 0 0.00 768.74 817.75 811.98 868.70 0.358 0.251 0.251 13.482 2.006 -0.971 0.00
yellow_cone 0.00 0 0.00 1155.50 823.74 1193.78 872.53 0.358 0.251 0.251 13.590 -0.884 -0.971 0.00
yellow_cone 0.00 0 0.00 1127.88 811.74 1155.34 854.60 0.358 0.251 0.251 16.713 -0.812 -0.971 0.00
blue_cone 0.00 0 0.00 815.98 805.73 859.38 849.47 0.358 0.251 0.251 16.649 1.928 -0.971 0.00
yellow_cone 0.00 0 0.00 1936.00 1361.60 2048.00 1536.00 0.00 0.00 0.00 0.00 0.00 0.00 0.00