yellow_cone 0.00 0 0.00 0.00 0.00 0.00 0.00 0.358 0.251 0.251 23.266 -3.660 -0.971 0.00
blue_cone 0.00 0 0.00 0.00 0.00 0.00 0.00 0.358 0.251 0.251 22.795 0.781 -0.971 0.00
yellow_cone 0.00 0 0.00 0.00 0.00 0.00 0.00 0.358 0.251 0.251 19.657 -7.136 -0.971 0.00
yellow_cone 0.00 0 0.00 0.00 0.00 0.00 0.00 0.358 0.251 0.251 19.735 -0.851 -0.971 0.00
blue_cone 0.00 0 0.00 0.00 0.00 0.00 0.00 0.358 0.251 0.251 15.827 -11.223 -0.971 0.00
yellow_cone 0.00 0 0.00 0.00 0.00 0.00 0.00 0.358 0.251 0.251 15.723 -8.785 -0.971 0.00
blue_cone 0.00 0 0.00 0.00 0.00 0.00 0.00 0.358 0.251 0.251 11.537 -11.620 -0.971 0.00
yellow_cone 0.00 0 0.00 0.00 0.00 0.00 0.00 0.358 0.251 0.251 11.762 -8.822 -0.971 0.00
blue_cone 0.00 0 0.00 0.00 0.00 0.00 0.00 0.358 0.251 0.251 8.572 -10.832 -0.971 0.00
yellow_cone 0.00 0 0.00 0.00 0.00 0.00 0.00 0.358 0.251 0.251 9.113 -7.757 -0.971 0.00
yellow_cone 0.00 0 0.00 0.00 0.00 0.00 0.00 0.358 0.251 0.251 22.431 -5.781 -0.971 0.00
blue_cone 0.00 0 0.00 0.00 0.00 0.00 0.00 0.358 0.251 0.251 22.638 -9.180 -0.971 0.00
blue_cone 0.00 0 0.00 0.00 0.00 0.00 0.00 0.358 0.251 0.251 6.132 -9.701 -0.971 0.00
yellow_cone 0.00 0 0.00 0.00 0.00 0.00 0.00 0.358 0.251 0.251 21.675 -1.669 -0.971 0.00
yellow_cone 0.00 0 0.00 0.00 0.00 0.00 0.00 0.358 0.251 0.251 6.172 -7.282 -0.971 0.00
blue_cone 0.00 0 0.00 0.00 0.00 0.00 0.00 0.358 0.251 0.251 25.112 -7.255 -0.971 0.00
blue_cone 0.00 0 0.00 0.00 0.00 0.00 0.00 0.358 0.251 0.251 20.188 -10.299 -0.971 0.00
blue_cone 0.00 0 0.00 0.00 0.00 0.00 0.00 0.358 0.251 0.251 25.715 -1.797 -0.971 0.00
blue_cone 0.00 0 0.00 0.00 0.00 0.00 0.00 0.358 0.251 0.251 26.253 -4.116 -0.971 0.00
blue_cone 0.00 0 0.00 0.00 0.00 0.00 0.00 0.358 0.251 0.251 4.191 -11.135 -0.971 0.00
yellow_cone 0.00 0 0.00 0.00 0.00 0.00 0.00 0.358 0.251 0.251 2.903 -8.540 -0.971 0.00
yellow_cone 0.00 0 0.00 1503.34 984.00 1614.66 1130.44 0.358 0.251 0.251 4.385 -1.252 -0.971 0.00
blue_cone 0.00 0 0.00 326.66 987.34 436.00 1130.44 0.358 0.251 0.251 4.252 1.634 -0.971 0.00
blue_cone 0.00 0 0.00 576.67 893.99 638.67 975.87 0.358 0.251 0.251 7.001 1.749 -0.971 0.00
yellow_cone 0.00 0 0.00 1293.34 890.67 1366.66 989.20 0.358 0.251 0.251 7.252 -1.129 -0.971 0.00
blue_cone 0.00 0 0.00 703.33 844.00 745.33 906.58 0.358 0.251 0.251 10.500 1.957 -0.971 0.00
yellow_cone 0.00 0 0.00 1228.65 851.40 1268.92 910.21 0.358 0.251 0.251 10.662 -1.117 -0.971 0.00
blue_cone 0.00 0 0.00 776.01 819.15 806.88 865.96 0.358 0.251 0.251 13.478 2.008 -0.971 0.00
yellow_cone 0.00 0 0.00 1165.33 831.43 1192.69 869.47 0.358 0.251 0.251 13.587 -0.882 -0.971 0.00
yellow_cone 0.00 0 0.00 1134.26 810.50 1154.40 844.80 0.358 0.251 0.251 16.709 -0.809 -0.971 0.00
blue_cone 0.00 0 0.00 828.62 813.01 854.58 844.23 0.358 0.251 0.251 16.642 1.993 -0.971 0.00
blue_cone 0.00 0 0.00 883.87 804.25 901.58 829.51 0.358 0.251 0.251 19.720 1.777 -0.971 0.00
yellow_cone 0.00 0 0.00 1926.66 1320.66 2047.99 1535.99 0.00 0.00 0.00 0.00 0.00 0.00 0.00