yellow_cone 0.00 0 0.00 0.00 0.00 0.00 0.00 0.358 0.251 0.251 11.575 -7.526 -0.971 0.00
blue_cone 0.00 0 0.00 0.00 0.00 0.00 0.00 0.358 0.251 0.251 7.767 -11.634 -0.971 0.00
yellow_cone 0.00 0 0.00 0.00 0.00 0.00 0.00 0.358 0.251 0.251 7.649 -9.196 -0.971 0.00
blue_cone 0.00 0 0.00 0.00 0.00 0.00 0.00 0.358 0.251 0.251 3.479 -12.053 -0.971 0.00
yellow_cone 0.00 0 0.00 0.00 0.00 0.00 0.00 0.358 0.251 0.251 3.689 -9.255 -0.971 0.00
yellow_cone 0.00 0 0.00 0.00 0.00 0.00 0.00 0.358 0.251 0.251 2.548 -1.556 -0.971 0.00
blue_cone 0.00 0 0.00 0.00 0.00 0.00 0.00 0.358 0.251 0.251 14.567 -9.553 -0.971 0.00
blue_cone 0.00 0 0.00 0.00 0.00 0.00 0.00 0.358 0.251 0.251 2.369 1.518 -0.971 0.00
blue_cone 0.00 0 0.00 0.00 0.00 0.00 0.00 0.358 0.251 0.251 17.031 -7.616 -0.971 0.00
blue_cone 0.00 0 0.00 0.00 0.00 0.00 0.00 0.358 0.251 0.251 12.123 -10.686 -0.971 0.00
yellow_cone 0.00 0 0.00 1439.99 937.34 1534.66 1066.48 0.358 0.251 0.251 5.471 -1.304 -0.971 0.00
blue_cone 0.00 0 0.00 526.67 927.34 606.67 1066.48 0.358 0.251 0.251 5.347 1.585 -0.971 0.00
yellow_cone 0.00 0 0.00 1279.75 883.10 1334.37 948.07 0.358 0.251 0.251 8.593 -1.214 -0.971 0.00
blue_cone 0.00 0 0.00 706.88 866.35 758.14 941.38 0.358 0.251 0.251 8.510 1.587 -0.971 0.00
blue_cone 0.00 0 0.00 822.46 837.88 858.64 894.51 0.358 0.251 0.251 11.590 1.387 -0.971 0.00
yellow_cone 0.00 0 0.00 1224.48 837.20 1268.70 902.53 0.358 0.251 0.251 11.619 -1.240 -0.971 0.00
blue_cone 0.00 0 0.00 991.64 821.12 1024.82 863.70 0.358 0.251 0.251 14.670 0.409 -0.971 0.00
yellow_cone 0.00 0 0.00 1306.91 833.62 1345.39 880.63 0.358 0.251 0.251 13.563 -2.048 -0.971 0.00
yellow_cone 0.00 0 0.00 1512.59 826.14 1550.11 877.10 0.358 0.251 0.251 15.165 -4.030 -0.971 0.00
yellow_cone 0.00 0 0.00 1783.95 829.50 1814.77 882.45 0.358 0.251 0.251 14.464 -6.087 -0.971 0.00
blue_cone 0.00 0 0.00 1223.19 809.88 1256.42 858.65 0.358 0.251 0.251 17.604 -2.154 -0.971 0.00
blue_cone 0.00 0 0.00 1477.41 812.75 1505.22 844.96 0.358 0.251 0.251 18.155 -4.471 -0.971 0.00
blue_cone 0.00 0 0.00 -0.00 1157.34 146.66 1399.61 0.00 0.00 0.00 0.00 0.00 0.00 0.00