yellow_cone 0.00 0 0.00 0.00 0.00 0.00 0.00 0.358 0.251 0.251 22.578 -4.323 -0.971 0.00
blue_cone 0.00 0 0.00 0.00 0.00 0.00 0.00 0.358 0.251 0.251 22.224 0.129 -0.971 0.00
yellow_cone 0.00 0 0.00 0.00 0.00 0.00 0.00 0.358 0.251 0.251 18.879 -7.703 -0.971 0.00
yellow_cone 0.00 0 0.00 0.00 0.00 0.00 0.00 0.358 0.251 0.251 19.121 -1.422 -0.971 0.00
blue_cone 0.00 0 0.00 0.00 0.00 0.00 0.00 0.358 0.251 0.251 14.942 -11.689 -0.971 0.00
yellow_cone 0.00 0 0.00 0.00 0.00 0.00 0.00 0.358 0.251 0.251 14.902 -9.248 -0.971 0.00
blue_cone 0.00 0 0.00 0.00 0.00 0.00 0.00 0.358 0.251 0.251 10.643 -11.973 -0.971 0.00
yellow_cone 0.00 0 0.00 0.00 0.00 0.00 0.00 0.358 0.251 0.251 10.942 -9.182 -0.971 0.00
blue_cone 0.00 0 0.00 0.00 0.00 0.00 0.00 0.358 0.251 0.251 7.701 -11.107 -0.971 0.00
yellow_cone 0.00 0 0.00 0.00 0.00 0.00 0.00 0.358 0.251 0.251 8.322 -8.047 -0.971 0.00
yellow_cone 0.00 0 0.00 0.00 0.00 0.00 0.00 0.358 0.251 0.251 21.687 -6.422 -0.971 0.00
blue_cone 0.00 0 0.00 0.00 0.00 0.00 0.00 0.358 0.251 0.251 21.805 -9.824 -0.971 0.00
blue_cone 0.00 0 0.00 0.00 0.00 0.00 0.00 0.358 0.251 0.251 5.290 -9.912 -0.971 0.00
yellow_cone 0.00 0 0.00 0.00 0.00 0.00 0.00 0.358 0.251 0.251 21.039 -2.292 -0.971 0.00
yellow_cone 0.00 0 0.00 0.00 0.00 0.00 0.00 0.358 0.251 0.251 5.394 -7.496 -0.971 0.00
blue_cone 0.00 0 0.00 0.00 0.00 0.00 0.00 0.358 0.251 0.251 24.329 -7.966 -0.971 0.00
blue_cone 0.00 0 0.00 0.00 0.00 0.00 0.00 0.358 0.251 0.251 19.326 -10.879 -0.971 0.00
blue_cone 0.00 0 0.00 0.00 0.00 0.00 0.00 0.358 0.251 0.251 25.075 -2.525 -0.971 0.00
blue_cone 0.00 0 0.00 0.00 0.00 0.00 0.00 0.358 0.251 0.251 25.552 -4.858 -0.971 0.00
blue_cone 0.00 0 0.00 0.00 0.00 0.00 0.00 0.358 0.251 0.251 3.313 -11.295 -0.971 0.00
yellow_cone 0.00 0 0.00 1623.39 1031.50 1776.25 1197.95 0.358 0.251 0.251 3.766 -1.420 -0.971 0.00
blue_cone 0.00 0 0.00 312.00 1037.60 414.53 1183.06 0.358 0.251 0.251 3.709 1.468 -0.971 0.00
blue_cone 0.00 0 0.00 604.17 913.83 672.57 1003.71 0.358 0.251 0.251 6.460 1.511 -0.971 0.00
yellow_cone 0.00 0 0.00 1377.72 919.84 1459.24 1003.72 0.358 0.251 0.251 6.635 -1.373 -0.971 0.00
yellow_cone 0.00 0 0.00 1284.03 853.77 1337.51 920.40 0.358 0.251 0.251 10.045 -1.451 -0.971 0.00
blue_cone 0.00 0 0.00 738.70 842.97 787.88 912.72 0.358 0.251 0.251 9.963 1.627 -0.971 0.00
yellow_cone 0.00 0 0.00 1213.96 834.56 1255.52 880.68 0.358 0.251 0.251 12.975 -1.292 -0.971 0.00
blue_cone 0.00 0 0.00 815.58 823.75 854.50 881.96 0.358 0.251 0.251 12.942 1.600 -0.971 0.00
blue_cone 0.00 0 0.00 874.44 809.34 904.47 849.93 0.358 0.251 0.251 16.104 1.502 -0.971 0.00
yellow_cone 0.00 0 0.00 1180.72 815.35 1213.24 858.90 0.358 0.251 0.251 16.098 -1.301 -0.971 0.00
blue_cone 0.00 0 0.00 926.09 802.13 953.15 842.23 0.358 0.251 0.251 19.175 1.205 -0.971 0.00
yellow_cone 0.00 0 0.00 1636.00 1031.60 1777.73 1189.46 0.00 0.00 0.00 0.00 0.00 0.00 0.00