yellow_cone 0.00 0 0.00 0.00 0.00 0.00 0.00 0.358 0.251 0.251 17.373 -4.156 -0.971 0.00
yellow_cone 0.00 0 0.00 0.00 0.00 0.00 0.00 0.358 0.251 0.251 13.742 -7.609 -0.971 0.00
blue_cone 0.00 0 0.00 0.00 0.00 0.00 0.00 0.358 0.251 0.251 9.885 -11.671 -0.971 0.00
yellow_cone 0.00 0 0.00 0.00 0.00 0.00 0.00 0.358 0.251 0.251 9.797 -9.232 -0.971 0.00
blue_cone 0.00 0 0.00 0.00 0.00 0.00 0.00 0.358 0.251 0.251 5.592 -12.040 -0.971 0.00
yellow_cone 0.00 0 0.00 0.00 0.00 0.00 0.00 0.358 0.251 0.251 5.836 -9.244 -0.971 0.00
yellow_cone 0.00 0 0.00 0.00 0.00 0.00 0.00 0.358 0.251 0.251 3.194 -8.161 -0.971 0.00
yellow_cone 0.00 0 0.00 0.00 0.00 0.00 0.00 0.358 0.251 0.251 1.375 -1.521 -0.971 0.00
yellow_cone 0.00 0 0.00 0.00 0.00 0.00 0.00 0.358 0.251 0.251 16.524 -6.272 -0.971 0.00
blue_cone 0.00 0 0.00 0.00 0.00 0.00 0.00 0.358 0.251 0.251 16.710 -9.672 -0.971 0.00
yellow_cone 0.00 0 0.00 0.00 0.00 0.00 0.00 0.358 0.251 0.251 15.795 -2.155 -0.971 0.00
blue_cone 0.00 0 0.00 0.00 0.00 0.00 0.00 0.358 0.251 0.251 19.196 -7.764 -0.971 0.00
blue_cone 0.00 0 0.00 0.00 0.00 0.00 0.00 0.358 0.251 0.251 14.252 -10.775 -0.971 0.00
blue_cone 0.00 0 0.00 0.00 0.00 0.00 0.00 0.358 0.251 0.251 19.834 -2.309 -0.971 0.00
blue_cone 0.00 0 0.00 0.00 0.00 0.00 0.00 0.358 0.251 0.251 20.357 -4.632 -0.971 0.00
yellow_cone 0.00 0 0.00 1553.33 960.67 1665.33 1109.12 0.358 0.251 0.251 4.786 -1.532 -0.971 0.00
blue_cone 0.00 0 0.00 453.34 960.66 540.00 1090.46 0.358 0.251 0.251 4.644 1.543 -0.971 0.00
blue_cone 0.00 0 0.00 677.65 885.05 727.96 955.16 0.358 0.251 0.251 7.622 1.575 -0.971 0.00
yellow_cone 0.00 0 0.00 1323.34 890.66 1396.01 967.88 0.358 0.251 0.251 7.712 -1.315 -0.971 0.00
yellow_cone 0.00 0 0.00 1238.94 840.57 1293.36 911.39 0.358 0.251 0.251 10.835 -1.262 -0.971 0.00
yellow_cone 0.00 0 0.00 1209.85 825.16 1246.81 873.08 0.358 0.251 0.251 13.770 -1.368 -0.971 0.00
blue_cone 0.00 0 0.00 783.75 840.56 829.27 899.07 0.358 0.251 0.251 10.786 1.539 -0.971 0.00
blue_cone 0.00 0 0.00 874.45 816.60 911.41 870.34 0.358 0.251 0.251 13.863 1.304 -0.971 0.00
blue_cone 0.00 0 0.00 1011.34 809.76 1041.46 856.66 0.358 0.251 0.251 16.931 0.288 -0.971 0.00