yellow_cone 0.00 0 0.00 0.00 0.00 0.00 0.00 0.358 0.251 0.251 31.207 -3.352 -0.971 0.00
blue_cone 0.00 0 0.00 0.00 0.00 0.00 0.00 0.358 0.251 0.251 30.667 1.082 -0.971 0.00
yellow_cone 0.00 0 0.00 0.00 0.00 0.00 0.00 0.358 0.251 0.251 27.653 -6.884 -0.971 0.00
blue_cone 0.00 0 0.00 0.00 0.00 0.00 0.00 0.358 0.251 0.251 27.577 2.029 -0.971 0.00
yellow_cone 0.00 0 0.00 0.00 0.00 0.00 0.00 0.358 0.251 0.251 27.633 -0.598 -0.971 0.00
blue_cone 0.00 0 0.00 0.00 0.00 0.00 0.00 0.358 0.251 0.251 23.887 -11.030 -0.971 0.00
yellow_cone 0.00 0 0.00 0.00 0.00 0.00 0.00 0.358 0.251 0.251 23.744 -8.594 -0.971 0.00
yellow_cone 0.00 0 0.00 0.00 0.00 0.00 0.00 0.358 0.251 0.251 24.607 -0.603 -0.971 0.00
blue_cone 0.00 0 0.00 0.00 0.00 0.00 0.00 0.358 0.251 0.251 19.603 -11.494 -0.971 0.00
yellow_cone 0.00 0 0.00 0.00 0.00 0.00 0.00 0.358 0.251 0.251 19.785 -8.693 -0.971 0.00
blue_cone 0.00 0 0.00 0.00 0.00 0.00 0.00 0.358 0.251 0.251 16.627 -10.752 -0.971 0.00
yellow_cone 0.00 0 0.00 0.00 0.00 0.00 0.00 0.358 0.251 0.251 21.486 -0.725 -0.971 0.00
yellow_cone 0.00 0 0.00 0.00 0.00 0.00 0.00 0.358 0.251 0.251 17.120 -7.669 -0.971 0.00
yellow_cone 0.00 0 0.00 0.00 0.00 0.00 0.00 0.358 0.251 0.251 18.565 -1.006 -0.971 0.00
yellow_cone 0.00 0 0.00 0.00 0.00 0.00 0.00 0.358 0.251 0.251 30.405 -5.486 -0.971 0.00
blue_cone 0.00 0 0.00 0.00 0.00 0.00 0.00 0.358 0.251 0.251 30.665 -8.881 -0.971 0.00
blue_cone 0.00 0 0.00 0.00 0.00 0.00 0.00 0.358 0.251 0.251 14.169 -9.660 -0.971 0.00
yellow_cone 0.00 0 0.00 0.00 0.00 0.00 0.00 0.358 0.251 0.251 29.585 -1.387 -0.971 0.00
yellow_cone 0.00 0 0.00 0.00 0.00 0.00 0.00 0.358 0.251 0.251 14.172 -7.241 -0.971 0.00
blue_cone 0.00 0 0.00 0.00 0.00 0.00 0.00 0.358 0.251 0.251 33.109 -6.918 -0.971 0.00
blue_cone 0.00 0 0.00 0.00 0.00 0.00 0.00 0.358 0.251 0.251 28.233 -10.039 -0.971 0.00
blue_cone 0.00 0 0.00 0.00 0.00 0.00 0.00 0.358 0.251 0.251 33.627 -1.451 -0.971 0.00
blue_cone 0.00 0 0.00 0.00 0.00 0.00 0.00 0.358 0.251 0.251 34.201 -3.762 -0.971 0.00
blue_cone 0.00 0 0.00 0.00 0.00 0.00 0.00 0.358 0.251 0.251 12.251 -11.124 -0.971 0.00
blue_cone 0.00 0 0.00 0.00 0.00 0.00 0.00 0.358 0.251 0.251 8.092 -12.122 -0.971 0.00
yellow_cone 0.00 0 0.00 0.00 0.00 0.00 0.00 0.358 0.251 0.251 8.087 -9.202 -0.971 0.00
yellow_cone 0.00 0 0.00 0.00 0.00 0.00 0.00 0.358 0.251 0.251 10.922 -8.549 -0.971 0.00
blue_cone 0.00 0 0.00 0.00 0.00 0.00 0.00 0.358 0.251 0.251 4.411 -12.145 -0.971 0.00
yellow_cone 0.00 0 0.00 0.00 0.00 0.00 0.00 0.358 0.251 0.251 4.527 -9.564 -0.971 0.00
blue_cone 0.00 0 0.00 113.33 1110.66 254.67 1314.32 0.358 0.251 0.251 2.853 1.457 -0.971 0.00
yellow_cone 0.00 0 0.00 1816.67 1084.00 1982.67 1293.00 0.358 0.251 0.251 3.095 -1.458 -0.971 0.00
yellow_cone 0.00 0 0.00 1393.33 920.67 1465.33 1010.51 0.358 0.251 0.251 6.248 -1.267 -0.971 0.00
yellow_cone 0.00 0 0.00 1201.63 831.75 1242.39 885.00 0.358 0.251 0.251 12.291 -1.239 -0.971 0.00
yellow_cone 0.00 0 0.00 1160.36 819.26 1190.38 864.02 0.358 0.251 0.251 15.155 -1.071 -0.971 0.00
blue_cone 0.00 0 0.00 586.67 907.34 652.00 1015.85 0.358 0.251 0.251 6.210 1.527 -0.971 0.00
blue_cone 0.00 0 0.00 750.23 859.27 801.25 929.00 0.358 0.251 0.251 9.187 1.401 -0.971 0.00
blue_cone 0.00 0 0.00 780.25 835.51 821.25 889.01 0.358 0.251 0.251 12.134 1.724 -0.971 0.00
blue_cone 0.00 0 0.00 814.00 816.76 845.26 860.02 0.358 0.251 0.251 14.860 1.803 -0.971 0.00
blue_cone 0.00 0 0.00 840.25 801.75 860.26 835.03 0.358 0.251 0.251 18.355 2.065 -0.971 0.00
blue_cone 0.00 0 0.00 855.26 798.00 877.27 829.02 0.358 0.251 0.251 21.332 2.163 -0.971 0.00
blue_cone 0.00 0 0.00 880.27 787.99 899.28 816.03 0.358 0.251 0.251 24.495 2.197 -0.971 0.00
yellow_cone 0.00 0 0.00 1255.39 859.26 1301.41 931.00 0.00 0.00 0.00 0.00 0.00 0.00 0.00