yellow_cone 0.00 0 0.00 0.00 0.00 0.00 0.00 0.358 0.251 0.251 12.570 -4.285 -0.971 0.00
yellow_cone 0.00 0 0.00 0.00 0.00 0.00 0.00 0.358 0.251 0.251 8.947 -7.747 -0.971 0.00
blue_cone 0.00 0 0.00 0.00 0.00 0.00 0.00 0.358 0.251 0.251 5.101 -11.820 -0.971 0.00
yellow_cone 0.00 0 0.00 0.00 0.00 0.00 0.00 0.358 0.251 0.251 5.007 -9.381 -0.971 0.00
yellow_cone 0.00 0 0.00 0.00 0.00 0.00 0.00 0.358 0.251 0.251 2.901 -1.470 -0.971 0.00
yellow_cone 0.00 0 0.00 0.00 0.00 0.00 0.00 0.358 0.251 0.251 11.726 -6.403 -0.971 0.00
blue_cone 0.00 0 0.00 0.00 0.00 0.00 0.00 0.358 0.251 0.251 11.921 -9.802 -0.971 0.00
blue_cone 0.00 0 0.00 0.00 0.00 0.00 0.00 0.358 0.251 0.251 14.402 -7.887 -0.971 0.00
blue_cone 0.00 0 0.00 0.00 0.00 0.00 0.00 0.358 0.251 0.251 9.466 -10.912 -0.971 0.00
blue_cone 0.00 0 0.00 0.00 0.00 0.00 0.00 0.358 0.251 0.251 15.026 -2.431 -0.971 0.00
blue_cone 0.00 0 0.00 0.00 0.00 0.00 0.00 0.358 0.251 0.251 15.555 -4.753 -0.971 0.00
blue_cone 0.00 0 0.00 156.67 1120.66 305.33 1311.66 0.358 0.251 0.251 2.803 1.421 -0.971 0.00
blue_cone 0.00 0 0.00 620.00 927.33 689.33 1026.50 0.358 0.251 0.251 5.967 1.393 -0.971 0.00
blue_cone 0.00 0 0.00 810.58 869.34 866.31 943.74 0.358 0.251 0.251 9.044 1.166 -0.971 0.00
blue_cone 0.00 0 0.00 1013.72 823.75 1064.89 903.24 0.358 0.251 0.251 12.116 0.158 -0.971 0.00
yellow_cone 0.00 0 0.00 1433.34 933.99 1500.01 1029.16 0.358 0.251 0.251 6.024 -1.409 -0.971 0.00
yellow_cone 0.00 0 0.00 1312.12 861.75 1370.89 945.77 0.358 0.251 0.251 9.049 -1.462 -0.971 0.00
yellow_cone 0.00 0 0.00 1403.22 843.99 1450.45 917.53 0.358 0.251 0.251 10.986 -2.288 -0.971 0.00
yellow_cone 0.00 0 0.00 1826.66 1120.66 2001.34 1330.32 0.00 0.00 0.00 0.00 0.00 0.00 0.00