yellow_cone 0.00 0 0.00 0.00 0.00 0.00 0.00 0.358 0.251 0.251 2.606 -1.697 -0.971 0.00
yellow_cone 0.00 0 0.00 0.00 0.00 0.00 0.00 0.358 0.251 0.251 13.886 -12.274 -0.971 0.00
yellow_cone 0.00 0 0.00 0.00 0.00 0.00 0.00 0.358 0.251 0.251 15.403 -7.422 -0.971 0.00
blue_cone 0.00 0 0.00 0.00 0.00 0.00 0.00 0.358 0.251 0.251 19.034 -9.041 -0.971 0.00
blue_cone 0.00 0 0.00 0.00 0.00 0.00 0.00 0.358 0.251 0.251 15.183 -15.489 -0.971 0.00
yellow_cone 0.00 0 0.00 0.00 0.00 0.00 0.00 0.358 0.251 0.251 15.067 -10.192 -0.971 0.00
blue_cone 0.00 0 0.00 0.00 0.00 0.00 0.00 0.358 0.251 0.251 17.270 -14.197 -0.971 0.00
blue_cone 0.00 0 0.00 0.00 0.00 0.00 0.00 0.358 0.251 0.251 18.541 -12.163 -0.971 0.00
yellow_cone 0.00 0 0.00 0.00 0.00 0.00 0.00 0.358 0.251 0.251 5.217 -10.533 -0.971 0.00
yellow_cone 0.00 0 0.00 0.00 0.00 0.00 0.00 0.358 0.251 0.251 11.143 -11.693 -0.971 0.00
yellow_cone 0.00 0 0.00 0.00 0.00 0.00 0.00 0.358 0.251 0.251 8.470 -11.260 -0.971 0.00
blue_cone 0.00 0 0.00 0.00 0.00 0.00 0.00 0.358 0.251 0.251 11.008 -15.100 -0.971 0.00
blue_cone 0.00 0 0.00 0.00 0.00 0.00 0.00 0.358 0.251 0.251 7.993 -14.322 -0.971 0.00
blue_cone 0.00 0 0.00 0.00 0.00 0.00 0.00 0.358 0.251 0.251 4.629 -13.398 -0.971 0.00
blue_cone 0.00 0 0.00 450.59 1072.16 575.29 1235.78 0.358 0.251 0.251 3.422 1.106 -0.971 0.00
blue_cone 0.00 0 0.00 1013.23 899.24 1087.76 998.21 0.358 0.251 0.251 6.961 0.093 -0.971 0.00
yellow_cone 0.00 0 0.00 1670.85 938.21 1756.10 1031.32 0.358 0.251 0.251 6.123 -2.351 -0.971 0.00
yellow_cone 0.00 0 0.00 1646.12 865.17 1706.02 936.44 0.358 0.251 0.251 9.399 -3.289 -0.971 0.00
blue_cone 0.00 0 0.00 1209.26 860.67 1257.45 922.05 0.358 0.251 0.251 10.142 -1.108 -0.971 0.00
blue_cone 0.00 0 0.00 1292.58 826.89 1329.50 877.03 0.358 0.251 0.251 14.018 -1.933 -0.971 0.00
yellow_cone 0.00 0 0.00 1688.90 811.13 1722.23 866.23 0.358 0.251 0.251 13.823 -4.945 -0.971 0.00
blue_cone 0.00 0 0.00 1594.34 808.88 1626.76 855.42 0.358 0.251 0.251 18.436 -5.839 -0.971 0.00
blue_cone 0.00 0 0.00 1407.42 817.88 1435.79 857.23 0.358 0.251 0.251 16.780 -3.415 -0.971 0.00
yellow_cone 0.00 0 0.00 1869.07 820.13 1905.99 869.83 0.00 0.00 0.00 0.00 0.00 0.00 0.00