yellow_cone 0.00 0 0.00 0.00 0.00 0.00 0.00 0.358 0.251 0.251 23.013 -3.947 -0.971 0.00
blue_cone 0.00 0 0.00 0.00 0.00 0.00 0.00 0.358 0.251 0.251 22.592 0.500 -0.971 0.00
yellow_cone 0.00 0 0.00 0.00 0.00 0.00 0.00 0.358 0.251 0.251 19.365 -7.382 -0.971 0.00
yellow_cone 0.00 0 0.00 0.00 0.00 0.00 0.00 0.358 0.251 0.251 19.513 -1.098 -0.971 0.00
blue_cone 0.00 0 0.00 0.00 0.00 0.00 0.00 0.358 0.251 0.251 15.488 -11.425 -0.971 0.00
yellow_cone 0.00 0 0.00 0.00 0.00 0.00 0.00 0.358 0.251 0.251 15.412 -8.986 -0.971 0.00
blue_cone 0.00 0 0.00 0.00 0.00 0.00 0.00 0.358 0.251 0.251 11.194 -11.774 -0.971 0.00
yellow_cone 0.00 0 0.00 0.00 0.00 0.00 0.00 0.358 0.251 0.251 11.451 -8.979 -0.971 0.00
blue_cone 0.00 0 0.00 0.00 0.00 0.00 0.00 0.358 0.251 0.251 8.239 -10.952 -0.971 0.00
yellow_cone 0.00 0 0.00 0.00 0.00 0.00 0.00 0.358 0.251 0.251 8.814 -7.883 -0.971 0.00
yellow_cone 0.00 0 0.00 0.00 0.00 0.00 0.00 0.358 0.251 0.251 22.153 -6.058 -0.971 0.00
blue_cone 0.00 0 0.00 0.00 0.00 0.00 0.00 0.358 0.251 0.251 22.322 -9.459 -0.971 0.00
blue_cone 0.00 0 0.00 0.00 0.00 0.00 0.00 0.358 0.251 0.251 5.811 -9.794 -0.971 0.00
yellow_cone 0.00 0 0.00 0.00 0.00 0.00 0.00 0.358 0.251 0.251 21.443 -1.938 -0.971 0.00
yellow_cone 0.00 0 0.00 0.00 0.00 0.00 0.00 0.358 0.251 0.251 5.878 -7.376 -0.971 0.00
blue_cone 0.00 0 0.00 0.00 0.00 0.00 0.00 0.358 0.251 0.251 24.818 -7.563 -0.971 0.00
blue_cone 0.00 0 0.00 0.00 0.00 0.00 0.00 0.358 0.251 0.251 19.859 -10.551 -0.971 0.00
blue_cone 0.00 0 0.00 0.00 0.00 0.00 0.00 0.358 0.251 0.251 25.482 -2.112 -0.971 0.00
blue_cone 0.00 0 0.00 0.00 0.00 0.00 0.00 0.358 0.251 0.251 25.994 -4.437 -0.971 0.00
blue_cone 0.00 0 0.00 0.00 0.00 0.00 0.00 0.358 0.251 0.251 3.855 -11.206 -0.971 0.00
yellow_cone 0.00 0 0.00 0.00 0.00 0.00 0.00 0.358 0.251 0.251 2.595 -8.597 -0.971 0.00
yellow_cone 0.00 0 0.00 1560.50 1002.78 1669.52 1154.38 0.358 0.251 0.251 4.160 -1.325 -0.971 0.00
blue_cone 0.00 0 0.00 340.70 1009.26 429.30 1142.72 0.358 0.251 0.251 4.059 1.561 -0.971 0.00
blue_cone 0.00 0 0.00 594.36 903.27 656.44 989.88 0.358 0.251 0.251 6.810 1.646 -0.971 0.00
yellow_cone 0.00 0 0.00 1329.64 903.38 1393.34 985.17 0.358 0.251 0.251 7.027 -1.235 -0.971 0.00
yellow_cone 0.00 0 0.00 1249.47 858.49 1294.15 908.27 0.358 0.251 0.251 10.438 -1.262 -0.971 0.00
blue_cone 0.00 0 0.00 721.17 844.59 757.89 903.62 0.358 0.251 0.251 10.310 1.814 -0.971 0.00
blue_cone 0.00 0 0.00 794.99 823.76 821.49 867.29 0.358 0.251 0.251 13.289 1.831 -0.971 0.00
yellow_cone 0.00 0 0.00 1185.34 836.05 1219.76 875.80 0.358 0.251 0.251 13.365 -1.059 -0.971 0.00
yellow_cone 0.00 0 0.00 1150.07 813.60 1181.28 851.87 0.358 0.251 0.251 16.488 -1.022 -0.971 0.00
blue_cone 0.00 0 0.00 849.89 808.62 876.01 847.62 0.358 0.251 0.251 16.452 1.781 -0.971 0.00
blue_cone 0.00 0 0.00 899.10 801.05 925.98 837.03 0.358 0.251 0.251 19.528 1.530 -0.971 0.00