blue_cone 0.00 0 0.00 0.00 0.00 0.00 0.00 0.358 0.251 0.251 4.739 0.844 -0.971 0.00
yellow_cone 0.00 0 0.00 0.00 0.00 0.00 0.00 0.358 0.251 0.251 13.280 -10.467 -0.971 0.00
yellow_cone 0.00 0 0.00 0.00 0.00 0.00 0.00 0.358 0.251 0.251 14.123 -5.454 -0.971 0.00
blue_cone 0.00 0 0.00 0.00 0.00 0.00 0.00 0.358 0.251 0.251 16.913 -3.474 -0.971 0.00
blue_cone 0.00 0 0.00 0.00 0.00 0.00 0.00 0.358 0.251 0.251 17.941 -6.565 -0.971 0.00
blue_cone 0.00 0 0.00 0.00 0.00 0.00 0.00 0.358 0.251 0.251 15.001 -13.476 -0.971 0.00
yellow_cone 0.00 0 0.00 0.00 0.00 0.00 0.00 0.358 0.251 0.251 14.167 -8.244 -0.971 0.00
blue_cone 0.00 0 0.00 0.00 0.00 0.00 0.00 0.358 0.251 0.251 16.894 -11.913 -0.971 0.00
blue_cone 0.00 0 0.00 0.00 0.00 0.00 0.00 0.358 0.251 0.251 17.876 -9.725 -0.971 0.00
yellow_cone 0.00 0 0.00 0.00 0.00 0.00 0.00 0.358 0.251 0.251 4.455 -9.920 -0.971 0.00
yellow_cone 0.00 0 0.00 0.00 0.00 0.00 0.00 0.358 0.251 0.251 10.483 -10.264 -0.971 0.00
yellow_cone 0.00 0 0.00 0.00 0.00 0.00 0.00 0.358 0.251 0.251 7.776 -10.199 -0.971 0.00
blue_cone 0.00 0 0.00 0.00 0.00 0.00 0.00 0.358 0.251 0.251 10.812 -13.658 -0.971 0.00
blue_cone 0.00 0 0.00 0.00 0.00 0.00 0.00 0.358 0.251 0.251 7.720 -13.296 -0.971 0.00
blue_cone 0.00 0 0.00 0.00 0.00 0.00 0.00 0.358 0.251 0.251 4.261 -12.838 -0.971 0.00
yellow_cone 0.00 0 0.00 1657.31 1002.03 1792.91 1153.92 0.358 0.251 0.251 4.246 -1.629 -0.971 0.00
yellow_cone 0.00 0 0.00 1523.34 887.33 1596.01 975.87 0.358 0.251 0.251 7.615 -2.175 -0.971 0.00
yellow_cone 0.00 0 0.00 1524.33 846.14 1558.41 892.66 0.358 0.251 0.251 12.222 -3.215 -0.971 0.00
blue_cone 0.00 0 0.00 976.67 877.33 1046.67 965.21 0.358 0.251 0.251 8.054 0.087 -0.971 0.00
blue_cone 0.00 0 0.00 1201.82 830.92 1231.03 875.63 0.358 0.251 0.251 12.006 -0.204 -0.971 0.00
blue_cone 0.00 0 0.00 1402.62 815.72 1439.14 856.18 0.358 0.251 0.251 14.944 -1.298 -0.971 0.00
yellow_cone 0.00 0 0.00 1656.66 1027.34 1777.34 1151.76 0.00 0.00 0.00 0.00 0.00 0.00 0.00