yellow_cone 0.00 0 0.00 0.00 0.00 0.00 0.00 0.358 0.251 0.251 19.450 -3.911 -0.971 0.00
blue_cone 0.00 0 0.00 0.00 0.00 0.00 0.00 0.358 0.251 0.251 18.966 0.529 -0.971 0.00
yellow_cone 0.00 0 0.00 0.00 0.00 0.00 0.00 0.358 0.251 0.251 15.851 -7.398 -0.971 0.00
yellow_cone 0.00 0 0.00 0.00 0.00 0.00 0.00 0.358 0.251 0.251 15.910 -1.112 -0.971 0.00
blue_cone 0.00 0 0.00 0.00 0.00 0.00 0.00 0.358 0.251 0.251 12.033 -11.496 -0.971 0.00
yellow_cone 0.00 0 0.00 0.00 0.00 0.00 0.00 0.358 0.251 0.251 11.921 -9.058 -0.971 0.00
blue_cone 0.00 0 0.00 0.00 0.00 0.00 0.00 0.358 0.251 0.251 7.744 -11.906 -0.971 0.00
yellow_cone 0.00 0 0.00 0.00 0.00 0.00 0.00 0.358 0.251 0.251 7.961 -9.107 -0.971 0.00
blue_cone 0.00 0 0.00 0.00 0.00 0.00 0.00 0.358 0.251 0.251 4.777 -11.126 -0.971 0.00
yellow_cone 0.00 0 0.00 0.00 0.00 0.00 0.00 0.358 0.251 0.251 5.309 -8.049 -0.971 0.00
blue_cone 0.00 0 0.00 0.00 0.00 0.00 0.00 0.358 0.251 0.251 3.169 1.450 -0.971 0.00
yellow_cone 0.00 0 0.00 0.00 0.00 0.00 0.00 0.358 0.251 0.251 18.621 -6.035 -0.971 0.00
blue_cone 0.00 0 0.00 0.00 0.00 0.00 0.00 0.358 0.251 0.251 18.838 -9.433 -0.971 0.00
yellow_cone 0.00 0 0.00 0.00 0.00 0.00 0.00 0.358 0.251 0.251 17.852 -1.925 -0.971 0.00
yellow_cone 0.00 0 0.00 0.00 0.00 0.00 0.00 0.358 0.251 0.251 2.366 -7.584 -0.971 0.00
blue_cone 0.00 0 0.00 0.00 0.00 0.00 0.00 0.358 0.251 0.251 21.306 -7.501 -0.971 0.00
blue_cone 0.00 0 0.00 0.00 0.00 0.00 0.00 0.358 0.251 0.251 16.391 -10.559 -0.971 0.00
blue_cone 0.00 0 0.00 0.00 0.00 0.00 0.00 0.358 0.251 0.251 21.893 -2.041 -0.971 0.00
blue_cone 0.00 0 0.00 0.00 0.00 0.00 0.00 0.358 0.251 0.251 22.438 -4.359 -0.971 0.00
yellow_cone 0.00 0 0.00 1708.00 1063.60 1850.27 1251.35 0.358 0.251 0.251 3.428 -1.427 -0.971 0.00
blue_cone 0.00 0 0.00 583.03 908.19 652.25 993.01 0.358 0.251 0.251 6.667 1.668 -0.971 0.00
yellow_cone 0.00 0 0.00 1384.00 899.60 1466.27 1010.21 0.358 0.251 0.251 6.838 -1.406 -0.971 0.00
yellow_cone 0.00 0 0.00 1247.12 868.21 1290.74 921.91 0.358 0.251 0.251 9.762 -1.161 -0.971 0.00
blue_cone 0.00 0 0.00 710.74 851.55 764.78 919.54 0.358 0.251 0.251 9.645 1.728 -0.971 0.00
blue_cone 0.00 0 0.00 798.48 829.34 837.04 875.70 0.358 0.251 0.251 12.808 1.722 -0.971 0.00
blue_cone 0.00 0 0.00 869.55 816.02 905.75 860.30 0.358 0.251 0.251 15.888 1.515 -0.971 0.00
yellow_cone 0.00 0 0.00 1184.93 836.00 1226.76 889.92 0.358 0.251 0.251 12.885 -1.079 -0.971 0.00
blue_cone 0.00 0 0.00 200.00 1071.60 346.26 1268.42 0.00 0.00 0.00 0.00 0.00 0.00 0.00