blue_cone 0.00 0 0.00 0.00 0.00 0.00 0.00 0.358 0.251 0.251 3.100 1.510 -0.971 0.00
yellow_cone 0.00 0 0.00 0.00 0.00 0.00 0.00 0.358 0.251 0.251 3.765 -1.363 -0.971 0.00
blue_cone 0.00 0 0.00 0.00 0.00 0.00 0.00 0.358 0.251 0.251 7.319 2.890 -0.971 0.00
yellow_cone 0.00 0 0.00 0.00 0.00 0.00 0.00 0.358 0.251 0.251 8.022 0.004 -0.971 0.00
yellow_cone 0.00 0 0.00 0.00 0.00 0.00 0.00 0.358 0.251 0.251 12.856 1.465 -0.971 0.00
blue_cone 0.00 0 0.00 0.00 0.00 0.00 0.00 0.358 0.251 0.251 12.166 4.504 -0.971 0.00
blue_cone 0.00 0 0.00 0.00 0.00 0.00 0.00 0.358 0.251 0.251 14.948 6.125 -0.971 0.00
yellow_cone 0.00 0 0.00 0.00 0.00 0.00 0.00 0.358 0.251 0.251 15.990 3.146 -0.971 0.00
blue_cone 0.00 0 0.00 0.00 0.00 0.00 0.00 0.358 0.251 0.251 17.045 8.200 -0.971 0.00
yellow_cone 0.00 0 0.00 0.00 0.00 0.00 0.00 0.358 0.251 0.251 19.315 5.761 -0.971 0.00
yellow_cone 0.00 0 0.00 0.00 0.00 0.00 0.00 0.358 0.251 0.251 21.604 9.410 -0.971 0.00
blue_cone 0.00 0 0.00 0.00 0.00 0.00 0.00 0.358 0.251 0.251 20.137 14.548 -0.971 0.00
blue_cone 0.00 0 0.00 0.00 0.00 0.00 0.00 0.358 0.251 0.251 18.847 10.299 -0.971 0.00
yellow_cone 0.00 0 0.00 0.00 0.00 0.00 0.00 0.358 0.251 0.251 23.249 13.612 -0.971 0.00
blue_cone 0.00 0 0.00 0.00 0.00 0.00 0.00 0.358 0.251 0.251 21.065 18.114 -0.971 0.00
blue_cone 0.00 0 0.00 0.00 0.00 0.00 0.00 0.358 0.251 0.251 21.529 21.407 -0.971 0.00
blue_cone 0.00 0 0.00 0.00 0.00 0.00 0.00 0.358 0.251 0.251 21.057 24.753 -0.971 0.00
blue_cone 0.00 0 0.00 0.00 0.00 0.00 0.00 0.358 0.251 0.251 18.276 27.621 -0.971 0.00
yellow_cone 0.00 0 0.00 0.00 0.00 0.00 0.00 0.358 0.251 0.251 24.414 17.931 -0.971 0.00
yellow_cone 0.00 0 0.00 0.00 0.00 0.00 0.00 0.358 0.251 0.251 24.707 22.516 -0.971 0.00
yellow_cone 0.00 0 0.00 0.00 0.00 0.00 0.00 0.358 0.251 0.251 23.134 26.934 -0.971 0.00
blue_cone 0.00 0 0.00 0.00 0.00 0.00 0.00 0.358 0.251 0.251 14.765 29.805 -0.971 0.00
yellow_cone 0.00 0 0.00 0.00 0.00 0.00 0.00 0.358 0.251 0.251 20.077 29.918 -0.971 0.00
yellow_cone 0.00 0 0.00 0.00 0.00 0.00 0.00 0.358 0.251 0.251 16.188 32.243 -0.971 0.00
blue_cone 0.00 0 0.00 0.00 0.00 0.00 0.00 0.358 0.251 0.251 11.125 31.164 -0.971 0.00
yellow_cone 0.00 0 0.00 0.00 0.00 0.00 0.00 0.358 0.251 0.251 11.738 34.041 -0.971 0.00
blue_cone 0.00 0 0.00 0.00 0.00 0.00 0.00 0.358 0.251 0.251 8.360 30.969 -0.971 0.00
blue_cone 0.00 0 121.787 1094.584 273.107 1274.018 0.00 0.00 0.00 0.00 0.00 0.00 0.00
yellow_cone 0.00 0 1630.651 1054.802 1771.122 1209.667 0.00 0.00 0.00 0.00 0.00 0.00 0.00
blue_cone 0.00 0 343.742 919.098 405.035 991.678 0.00 0.00 0.00 0.00 0.00 0.00 0.00
yellow_cone 0.00 0 1041.201 914.223 1104.385 984.227 0.00 0.00 0.00 0.00 0.00 0.00 0.00
blue_cone 0.00 0 384.155 856.624 422.757 900.160 0.00 0.00 0.00 0.00 0.00 0.00 0.00
blue_cone 0.00 0 329.215 840.001 360.881 874.881 0.00 0.00 0.00 0.00 0.00 0.00 0.00
yellow_cone 0.00 0 691.996 838.061 722.455 872.264 0.00 0.00 0.00 0.00 0.00 0.00 0.00
blue_cone 0.00 0 85.423 821.422 107.830 847.455 0.00 0.00 0.00 0.00 0.00 0.00 0.00
yellow_cone 0.00 0 826.920 858.113 863.180 898.942 0.00 0.00 0.00 0.00 0.00 0.00 0.00
yellow_cone 0.00 0 505.126 825.472 527.534 851.902 0.00 0.00 0.00 0.00 0.00 0.00 0.00
yellow_cone 0.00 0 290.419 815.436 309.790 839.016 0.00 0.00 0.00 0.00 0.00 0.00 0.00
yellow_cone 0.00 0 50.698 810.363 67.645 831.193 0.00 0.00 0.00 0.00 0.00 0.00 0.00
blue_cone 0.00 0 215.911 829.896 240.428 857.989 0.00 0.00 0.00 0.00 0.00 0.00 0.00
