blue_cone 0.00 0 0.00 0.00 0.00 0.00 0.00 0.358 0.251 0.251 4.841 1.719 -0.971 0.00
yellow_cone 0.00 0 0.00 0.00 0.00 0.00 0.00 0.358 0.251 0.251 1.709 -1.695 -0.971 0.00
yellow_cone 0.00 0 0.00 0.00 0.00 0.00 0.00 0.358 0.251 0.251 6.122 -0.967 -0.971 0.00
blue_cone 0.00 0 0.00 0.00 0.00 0.00 0.00 0.358 0.251 0.251 9.167 3.472 -0.971 0.00
yellow_cone 0.00 0 0.00 0.00 0.00 0.00 0.00 0.358 0.251 0.251 10.597 0.892 -0.971 0.00
blue_cone 0.00 0 0.00 0.00 0.00 0.00 0.00 0.358 0.251 0.251 12.843 5.960 -0.971 0.00
yellow_cone 0.00 0 0.00 0.00 0.00 0.00 0.00 0.358 0.251 0.251 14.313 3.379 -0.971 0.00
yellow_cone 0.00 0 0.00 0.00 0.00 0.00 0.00 0.358 0.251 0.251 18.558 6.115 -0.971 0.00
blue_cone 0.00 0 0.00 0.00 0.00 0.00 0.00 0.358 0.251 0.251 17.057 8.846 -0.971 0.00
blue_cone 0.00 0 0.00 0.00 0.00 0.00 0.00 0.358 0.251 0.251 19.286 11.171 -0.971 0.00
yellow_cone 0.00 0 0.00 0.00 0.00 0.00 0.00 0.358 0.251 0.251 21.107 8.594 -0.971 0.00
blue_cone 0.00 0 0.00 0.00 0.00 0.00 0.00 0.358 0.251 0.251 20.730 13.743 -0.971 0.00
yellow_cone 0.00 0 0.00 0.00 0.00 0.00 0.00 0.358 0.251 0.251 23.584 12.024 -0.971 0.00
yellow_cone 0.00 0 0.00 0.00 0.00 0.00 0.00 0.358 0.251 0.251 24.780 16.162 -0.971 0.00
blue_cone 0.00 0 0.00 0.00 0.00 0.00 0.00 0.358 0.251 0.251 21.955 20.697 -0.971 0.00
blue_cone 0.00 0 0.00 0.00 0.00 0.00 0.00 0.358 0.251 0.251 21.884 16.257 -0.971 0.00
yellow_cone 0.00 0 0.00 0.00 0.00 0.00 0.00 0.358 0.251 0.251 25.204 20.655 -0.971 0.00
blue_cone 0.00 0 0.00 0.00 0.00 0.00 0.00 0.358 0.251 0.251 21.864 24.381 -0.971 0.00
blue_cone 0.00 0 0.00 0.00 0.00 0.00 0.00 0.358 0.251 0.251 21.403 27.675 -0.971 0.00
blue_cone 0.00 0 0.00 0.00 0.00 0.00 0.00 0.358 0.251 0.251 20.028 30.761 -0.971 0.00
blue_cone 0.00 0 0.00 0.00 0.00 0.00 0.00 0.358 0.251 0.251 16.565 32.752 -0.971 0.00
yellow_cone 0.00 0 0.00 0.00 0.00 0.00 0.00 0.358 0.251 0.251 25.134 25.127 -0.971 0.00
yellow_cone 0.00 0 0.00 0.00 0.00 0.00 0.00 0.358 0.251 0.251 24.153 29.616 -0.971 0.00
yellow_cone 0.00 0 0.00 0.00 0.00 0.00 0.00 0.358 0.251 0.251 21.424 33.429 -0.971 0.00
blue_cone 0.00 0 0.00 0.00 0.00 0.00 0.00 0.358 0.251 0.251 12.588 33.885 -0.971 0.00
yellow_cone 0.00 0 0.00 0.00 0.00 0.00 0.00 0.358 0.251 0.251 17.664 35.456 -0.971 0.00
yellow_cone 0.00 0 0.00 0.00 0.00 0.00 0.00 0.358 0.251 0.251 13.284 36.620 -0.971 0.00
blue_cone 0.00 0 375.443 978.203 469.364 1092.416 0.00 0.00 0.00 0.00 0.00 0.00 0.00
yellow_cone 0.00 0 1310.923 940.607 1391.331 1031.371 0.00 0.00 0.00 0.00 0.00 0.00 0.00
blue_cone 0.00 0 344.227 870.112 397.056 928.466 0.00 0.00 0.00 0.00 0.00 0.00 0.00
yellow_cone 0.00 0 880.713 859.538 925.861 910.406 0.00 0.00 0.00 0.00 0.00 0.00 0.00
blue_cone 0.00 0 235.732 839.940 272.030 879.561 0.00 0.00 0.00 0.00 0.00 0.00 0.00
yellow_cone 0.00 0 628.932 834.016 659.861 871.594 0.00 0.00 0.00 0.00 0.00 0.00 0.00
blue_cone 0.00 0 59.653 809.273 80.819 834.704 0.00 0.00 0.00 0.00 0.00 0.00 0.00
blue_cone 0.00 0 147.533 817.690 172.571 845.596 0.00 0.00 0.00 0.00 0.00 0.00 0.00
yellow_cone 0.00 0 458.223 811.883 482.617 841.171 0.00 0.00 0.00 0.00 0.00 0.00 0.00
yellow_cone 0.00 0 336.564 804.522 356.209 828.523 0.00 0.00 0.00 0.00 0.00 0.00 0.00
yellow_cone 0.00 0 157.827 799.567 174.642 819.059 0.00 0.00 0.00 0.00 0.00 0.00 0.00
