blue_cone 0.00 0 0.00 0.00 0.00 0.00 0.00 0.358 0.251 0.251 12.418 8.945 -0.971 0.00
yellow_cone 0.00 0 0.00 0.00 0.00 0.00 0.00 0.358 0.251 0.251 17.211 8.366 -0.971 0.00
blue_cone 0.00 0 0.00 0.00 0.00 0.00 0.00 0.358 0.251 0.251 2.730 1.197 -0.971 0.00
blue_cone 0.00 0 0.00 0.00 0.00 0.00 0.00 0.358 0.251 0.251 14.800 6.672 -0.971 0.00
yellow_cone 0.00 0 0.00 0.00 0.00 0.00 0.00 0.358 0.251 0.251 1.085 -1.978 -0.971 0.00
blue_cone 0.00 0 0.00 0.00 0.00 0.00 0.00 0.358 0.251 0.251 4.224 -1.382 -0.971 0.00
yellow_cone 0.00 0 0.00 0.00 0.00 0.00 0.00 0.358 0.251 0.251 19.110 2.084 -0.971 0.00
blue_cone 0.00 0 0.00 0.00 0.00 0.00 0.00 0.358 0.251 0.251 16.507 -1.517 -0.971 0.00
yellow_cone 0.00 0 0.00 0.00 0.00 0.00 0.00 0.358 0.251 0.251 19.466 -5.963 -0.971 0.00
blue_cone 0.00 0 0.00 0.00 0.00 0.00 0.00 0.358 0.251 0.251 16.607 -6.124 -0.971 0.00
blue_cone 0.00 0 0.00 0.00 0.00 0.00 0.00 0.358 0.251 0.251 16.505 -10.351 -0.971 0.00
yellow_cone 0.00 0 0.00 0.00 0.00 0.00 0.00 0.358 0.251 0.251 19.578 -10.170 -0.971 0.00
blue_cone 0.00 0 0.00 0.00 0.00 0.00 0.00 0.358 0.251 0.251 16.244 3.052 -0.971 0.00
blue_cone 0.00 0 0.00 0.00 0.00 0.00 0.00 0.358 0.251 0.251 9.264 11.412 -0.971 0.00
yellow_cone 0.00 0 0.00 0.00 0.00 0.00 0.00 0.358 0.251 0.251 19.243 -1.715 -0.971 0.00
yellow_cone 0.00 0 0.00 0.00 0.00 0.00 0.00 0.358 0.251 0.251 18.904 5.388 -0.971 0.00
yellow_cone 0.00 0 0.00 0.00 0.00 0.00 0.00 0.358 0.251 0.251 14.611 11.215 -0.971 0.00
yellow_cone 0.00 0 0.00 0.00 0.00 0.00 0.00 0.358 0.251 0.251 7.675 15.784 -0.971 0.00
yellow_cone 0.00 0 0.00 0.00 0.00 0.00 0.00 0.358 0.251 0.251 11.054 13.567 -0.971 0.00
blue_cone 0.00 0 0.00 0.00 0.00 0.00 0.00 0.358 0.251 0.251 6.251 13.267 -0.971 0.00
blue_cone 0.00 0 0.00 0.00 0.00 0.00 0.00 0.358 0.251 0.251 3.396 -9.730 -0.971 0.00
blue_cone 0.00 0 0.00 0.00 0.00 0.00 0.00 0.358 0.251 0.251 18.551 -32.008 -0.971 0.00
blue_cone 0.00 0 0.00 0.00 0.00 0.00 0.00 0.358 0.251 0.251 18.198 -28.004 -0.971 0.00
blue_cone 0.00 0 0.00 0.00 0.00 0.00 0.00 0.358 0.251 0.251 17.061 -14.747 -0.971 0.00
blue_cone 0.00 0 0.00 0.00 0.00 0.00 0.00 0.358 0.251 0.251 17.355 -23.839 -0.971 0.00
blue_cone 0.00 0 0.00 0.00 0.00 0.00 0.00 0.358 0.251 0.251 17.251 -19.296 -0.971 0.00
yellow_cone 0.00 0 0.00 0.00 0.00 0.00 0.00 0.358 0.251 0.251 21.132 -27.949 -0.971 0.00
yellow_cone 0.00 0 0.00 0.00 0.00 0.00 0.00 0.358 0.251 0.251 19.892 -14.393 -0.971 0.00
yellow_cone 0.00 0 0.00 0.00 0.00 0.00 0.00 0.358 0.251 0.251 20.146 -19.133 -0.971 0.00
yellow_cone 0.00 0 0.00 0.00 0.00 0.00 0.00 0.358 0.251 0.251 21.328 -31.981 -0.971 0.00
yellow_cone 0.00 0 0.00 0.00 0.00 0.00 0.00 0.358 0.251 0.251 20.508 -23.604 -0.971 0.00
blue_cone 0.00 0 266.413 1138.984 457.885 1351.563 0.00 0.00 0.00 0.00 0.00 0.00 0.00
blue_cone 0.00 0 1613.849 1021.974 1735.926 1156.674 0.00 0.00 0.00 0.00 0.00 0.00 0.00
orange_cone 0.00 0 1714.238 825.388 1742.655 857.412 0.00 0.00 0.00 0.00 0.00 0.00 0.00
blue_cone 0.00 0 247.655 826.634 288.495 852.274 0.00 0.00 0.00 0.00 0.00 0.00 0.00
blue_cone 0.00 0 728.787 815.090 757.188 847.188 0.00 0.00 0.00 0.00 0.00 0.00 0.00
yellow_cone 0.00 0 569.608 803.603 593.301 830.859 0.00 0.00 0.00 0.00 0.00 0.00 0.00
orange_cone 0.00 0 1975.800 818.800 2000.753 844.740 0.00 0.00 0.00 0.00 0.00 0.00 0.00
yellow_cone 0.00 0 239.374 807.186 263.327 833.710 0.00 0.00 0.00 0.00 0.00 0.00 0.00
orange_cone 0.00 0 1607.481 814.506 1630.843 841.572 0.00 0.00 0.00 0.00 0.00 0.00 0.00
orange_cone 0.00 0 878.080 808.464 899.756 833.538 0.00 0.00 0.00 0.00 0.00 0.00 0.00
orange_cone 0.00 0 1232.113 823.239 1255.243 852.664 0.00 0.00 0.00 0.00 0.00 0.00 0.00
