yellow_cone 0.00 0 0.00 0.00 0.00 0.00 0.00 0.358 0.251 0.251 13.186 21.895 -0.971 0.00
blue_cone 0.00 0 0.00 0.00 0.00 0.00 0.00 0.358 0.251 0.251 24.693 5.858 -0.971 0.00
yellow_cone 0.00 0 0.00 0.00 0.00 0.00 0.00 0.358 0.251 0.251 24.069 1.071 -0.971 0.00
blue_cone 0.00 0 0.00 0.00 0.00 0.00 0.00 0.358 0.251 0.251 17.036 15.619 -0.971 0.00
blue_cone 0.00 0 0.00 0.00 0.00 0.00 0.00 0.358 0.251 0.251 22.398 3.498 -0.971 0.00
yellow_cone 0.00 0 0.00 0.00 0.00 0.00 0.00 0.358 0.251 0.251 13.877 17.294 -0.971 0.00
blue_cone 0.00 0 0.00 0.00 0.00 0.00 0.00 0.358 0.251 0.251 14.443 14.149 -0.971 0.00
yellow_cone 0.00 0 0.00 0.00 0.00 0.00 0.00 0.358 0.251 0.251 17.770 -0.769 -0.971 0.00
blue_cone 0.00 0 0.00 0.00 0.00 0.00 0.00 0.358 0.251 0.251 14.193 1.867 -0.971 0.00
yellow_cone 0.00 0 0.00 0.00 0.00 0.00 0.00 0.358 0.251 0.251 9.720 -1.049 -0.971 0.00
blue_cone 0.00 0 0.00 0.00 0.00 0.00 0.00 0.358 0.251 0.251 9.585 1.811 -0.971 0.00
blue_cone 0.00 0 0.00 0.00 0.00 0.00 0.00 0.358 0.251 0.251 5.360 1.952 -0.971 0.00
yellow_cone 0.00 0 0.00 0.00 0.00 0.00 0.00 0.358 0.251 0.251 5.512 -1.122 -0.971 0.00
blue_cone 0.00 0 0.00 0.00 0.00 0.00 0.00 0.358 0.251 0.251 18.764 2.088 -0.971 0.00
yellow_cone 0.00 0 0.00 0.00 0.00 0.00 0.00 0.358 0.251 0.251 15.049 19.678 -0.971 0.00
blue_cone 0.00 0 0.00 0.00 0.00 0.00 0.00 0.358 0.251 0.251 27.189 8.989 -0.971 0.00
yellow_cone 0.00 0 0.00 0.00 0.00 0.00 0.00 0.358 0.251 0.251 13.970 -0.866 -0.971 0.00
yellow_cone 0.00 0 0.00 0.00 0.00 0.00 0.00 0.358 0.251 0.251 21.075 -0.594 -0.971 0.00
blue_cone 0.00 0 0.00 0.00 0.00 0.00 0.00 0.358 0.251 0.251 15.318 24.047 -0.971 0.00
blue_cone 0.00 0 0.00 0.00 0.00 0.00 0.00 0.358 0.251 0.251 17.926 20.999 -0.971 0.00
yellow_cone 0.00 0 0.00 0.00 0.00 0.00 0.00 0.358 0.251 0.251 26.943 3.644 -0.971 0.00
blue_cone 0.00 0 0.00 0.00 0.00 0.00 0.00 0.358 0.251 0.251 18.045 17.862 -0.971 0.00
yellow_cone 0.00 0 0.00 0.00 0.00 0.00 0.00 0.358 0.251 0.251 31.576 10.538 -0.971 0.00
yellow_cone 0.00 0 0.00 0.00 0.00 0.00 0.00 0.358 0.251 0.251 29.328 7.179 -0.971 0.00
blue_cone 0.00 0 0.00 0.00 0.00 0.00 0.00 0.358 0.251 0.251 30.583 15.520 -0.971 0.00
blue_cone 0.00 0 0.00 0.00 0.00 0.00 0.00 0.358 0.251 0.251 29.073 11.985 -0.971 0.00
blue_cone 0.00 0 0.00 0.00 0.00 0.00 0.00 0.358 0.251 0.251 31.598 18.785 -0.971 0.00
yellow_cone 0.00 0 0.00 0.00 0.00 0.00 0.00 0.358 0.251 0.251 33.323 14.485 -0.971 0.00
yellow_cone 0.00 0 0.00 0.00 0.00 0.00 0.00 0.358 0.251 0.251 34.573 18.779 -0.971 0.00
blue_cone 0.00 0 0.00 0.00 0.00 0.00 0.00 0.358 0.251 0.251 31.887 23.443 -0.971 0.00
yellow_cone 0.00 0 0.00 0.00 0.00 0.00 0.00 0.358 0.251 0.251 9.681 23.882 -0.971 0.00
blue_cone 0.00 0 0.00 0.00 0.00 0.00 0.00 0.358 0.251 0.251 11.179 26.741 -0.971 0.00
blue_cone 0.00 0 0.00 0.00 0.00 0.00 0.00 0.358 0.251 0.251 6.103 15.055 -0.971 0.00
yellow_cone 0.00 0 0.00 0.00 0.00 0.00 0.00 0.358 0.251 0.251 10.330 16.955 -0.971 0.00
yellow_cone 0.00 0 0.00 0.00 0.00 0.00 0.00 0.358 0.251 0.251 7.359 18.057 -0.971 0.00
orange_cone 0.00 0 1380.816 950.489 1463.744 1050.903 0.00 0.00 0.00 0.00 0.00 0.00 0.00
orange_cone 0.00 0 365.538 945.983 455.363 1049.644 0.00 0.00 0.00 0.00 0.00 0.00 0.00
orange_cone 0.00 0 694.678 856.338 744.224 912.341 0.00 0.00 0.00 0.00 0.00 0.00 0.00
orange_cone 0.00 0 1225.959 858.047 1277.682 913.695 0.00 0.00 0.00 0.00 0.00 0.00 0.00
orange_cone 0.00 0 1151.829 820.583 1185.631 859.448 0.00 0.00 0.00 0.00 0.00 0.00 0.00
orange_cone 0.00 0 1121.833 803.200 1147.500 832.391 0.00 0.00 0.00 0.00 0.00 0.00 0.00
blue_cone 0.00 0 180.309 770.670 195.890 788.270 0.00 0.00 0.00 0.00 0.00 0.00 0.00
blue_cone 0.00 0 467.002 774.473 483.943 795.939 0.00 0.00 0.00 0.00 0.00 0.00 0.00
yellow_cone 0.00 0 131.344 765.229 145.947 781.516 0.00 0.00 0.00 0.00 0.00 0.00 0.00
blue_cone 0.00 0 838.820 797.163 863.434 826.674 0.00 0.00 0.00 0.00 0.00 0.00 0.00
blue_cone 0.00 0 761.937 787.917 783.075 811.676 0.00 0.00 0.00 0.00 0.00 0.00 0.00
blue_cone 0.00 0 330.226 773.241 346.305 791.552 0.00 0.00 0.00 0.00 0.00 0.00 0.00
orange_cone 0.00 0 800.206 817.903 832.879 856.673 0.00 0.00 0.00 0.00 0.00 0.00 0.00
blue_cone 0.00 0 623.821 778.390 640.748 802.893 0.00 0.00 0.00 0.00 0.00 0.00 0.00
yellow_cone 0.00 0 1095.938 794.240 1116.547 817.225 0.00 0.00 0.00 0.00 0.00 0.00 0.00
yellow_cone 0.00 0 969.658 786.336 987.359 806.138 0.00 0.00 0.00 0.00 0.00 0.00 0.00
yellow_cone 0.00 0 804.712 781.472 821.666 799.155 0.00 0.00 0.00 0.00 0.00 0.00 0.00
