blue_cone 0.00 0 0.00 0.00 0.00 0.00 0.00 0.358 0.251 0.251 2.614 1.342 -0.971 0.00
blue_cone 0.00 0 0.00 0.00 0.00 0.00 0.00 0.358 0.251 0.251 6.423 2.579 -0.971 0.00
blue_cone 0.00 0 0.00 0.00 0.00 0.00 0.00 0.358 0.251 0.251 5.311 17.706 -0.971 0.00
yellow_cone 0.00 0 0.00 0.00 0.00 0.00 0.00 0.358 0.251 0.251 3.272 -1.745 -0.971 0.00
yellow_cone 0.00 0 0.00 0.00 0.00 0.00 0.00 0.358 0.251 0.251 10.936 1.454 -0.971 0.00
yellow_cone 0.00 0 0.00 0.00 0.00 0.00 0.00 0.358 0.251 0.251 7.210 -0.110 -0.971 0.00
blue_cone 0.00 0 0.00 0.00 0.00 0.00 0.00 0.358 0.251 0.251 12.854 6.158 -0.971 0.00
blue_cone 0.00 0 0.00 0.00 0.00 0.00 0.00 0.358 0.251 0.251 9.646 4.041 -0.971 0.00
blue_cone 0.00 0 0.00 0.00 0.00 0.00 0.00 0.358 0.251 0.251 15.500 8.324 -0.971 0.00
yellow_cone 0.00 0 0.00 0.00 0.00 0.00 0.00 0.358 0.251 0.251 14.569 3.785 -0.971 0.00
yellow_cone 0.00 0 0.00 0.00 0.00 0.00 0.00 0.358 0.251 0.251 17.979 6.679 -0.971 0.00
blue_cone 0.00 0 0.00 0.00 0.00 0.00 0.00 0.358 0.251 0.251 18.308 12.051 -0.971 0.00
yellow_cone 0.00 0 0.00 0.00 0.00 0.00 0.00 0.358 0.251 0.251 20.862 10.574 -0.971 0.00
blue_cone 0.00 0 0.00 0.00 0.00 0.00 0.00 0.358 0.251 0.251 20.182 16.076 -0.971 0.00
yellow_cone 0.00 0 0.00 0.00 0.00 0.00 0.00 0.358 0.251 0.251 22.770 14.618 -0.971 0.00
yellow_cone 0.00 0 0.00 0.00 0.00 0.00 0.00 0.358 0.251 0.251 25.004 19.147 -0.971 0.00
blue_cone 0.00 0 0.00 0.00 0.00 0.00 0.00 0.358 0.251 0.251 22.312 20.718 -0.971 0.00
blue_cone 0.00 0 0.00 0.00 0.00 0.00 0.00 0.358 0.251 0.251 23.029 23.858 -0.971 0.00
yellow_cone 0.00 0 0.00 0.00 0.00 0.00 0.00 0.358 0.251 0.251 25.915 22.584 -0.971 0.00
blue_cone 0.00 0 0.00 0.00 0.00 0.00 0.00 0.358 0.251 0.251 22.944 26.806 -0.971 0.00
yellow_cone 0.00 0 0.00 0.00 0.00 0.00 0.00 0.358 0.251 0.251 26.276 26.799 -0.971 0.00
yellow_cone 0.00 0 0.00 0.00 0.00 0.00 0.00 0.358 0.251 0.251 25.174 30.963 -0.971 0.00
blue_cone 0.00 0 0.00 0.00 0.00 0.00 0.00 0.358 0.251 0.251 20.419 33.401 -0.971 0.00
blue_cone 0.00 0 0.00 0.00 0.00 0.00 0.00 0.358 0.251 0.251 22.642 29.556 -0.971 0.00
blue_cone 0.00 0 81.068 1136.173 247.421 1355.295 0.00 0.00 0.00 0.00 0.00 0.00 0.00
yellow_cone 0.00 0 1843.796 1072.514 2000.850 1250.518 0.00 0.00 0.00 0.00 0.00 0.00 0.00
blue_cone 0.00 0 306.470 904.575 380.465 987.834 0.00 0.00 0.00 0.00 0.00 0.00 0.00
yellow_cone 0.00 0 1063.710 895.565 1130.230 970.983 0.00 0.00 0.00 0.00 0.00 0.00 0.00
yellow_cone 0.00 0 785.050 838.775 832.979 889.854 0.00 0.00 0.00 0.00 0.00 0.00 0.00
blue_cone 0.00 0 205.327 816.152 241.861 855.746 0.00 0.00 0.00 0.00 0.00 0.00 0.00
blue_cone 0.00 0 289.443 849.559 335.851 903.823 0.00 0.00 0.00 0.00 0.00 0.00 0.00
blue_cone 0.00 0 109.110 802.254 137.926 833.992 0.00 0.00 0.00 0.00 0.00 0.00 0.00
yellow_cone 0.00 0 581.164 811.981 614.431 847.605 0.00 0.00 0.00 0.00 0.00 0.00 0.00
yellow_cone 0.00 0 174.644 780.195 194.994 805.314 0.00 0.00 0.00 0.00 0.00 0.00 0.00
