yellow_cone 0.00 0 0.00 0.00 0.00 0.00 0.00 0.358 0.251 0.251 13.199 21.893 -0.971 0.00
blue_cone 0.00 0 0.00 0.00 0.00 0.00 0.00 0.358 0.251 0.251 24.701 5.853 -0.971 0.00
yellow_cone 0.00 0 0.00 0.00 0.00 0.00 0.00 0.358 0.251 0.251 24.076 1.066 -0.971 0.00
blue_cone 0.00 0 0.00 0.00 0.00 0.00 0.00 0.358 0.251 0.251 17.047 15.615 -0.971 0.00
blue_cone 0.00 0 0.00 0.00 0.00 0.00 0.00 0.358 0.251 0.251 22.406 3.493 -0.971 0.00
yellow_cone 0.00 0 0.00 0.00 0.00 0.00 0.00 0.358 0.251 0.251 13.888 17.291 -0.971 0.00
blue_cone 0.00 0 0.00 0.00 0.00 0.00 0.00 0.358 0.251 0.251 14.453 14.147 -0.971 0.00
yellow_cone 0.00 0 0.00 0.00 0.00 0.00 0.00 0.358 0.251 0.251 17.776 -0.772 -0.971 0.00
blue_cone 0.00 0 0.00 0.00 0.00 0.00 0.00 0.358 0.251 0.251 14.200 1.865 -0.971 0.00
yellow_cone 0.00 0 0.00 0.00 0.00 0.00 0.00 0.358 0.251 0.251 9.726 -1.050 -0.971 0.00
blue_cone 0.00 0 0.00 0.00 0.00 0.00 0.00 0.358 0.251 0.251 9.592 1.810 -0.971 0.00
blue_cone 0.00 0 0.00 0.00 0.00 0.00 0.00 0.358 0.251 0.251 5.367 1.952 -0.971 0.00
yellow_cone 0.00 0 0.00 0.00 0.00 0.00 0.00 0.358 0.251 0.251 5.518 -1.122 -0.971 0.00
blue_cone 0.00 0 0.00 0.00 0.00 0.00 0.00 0.358 0.251 0.251 18.771 2.085 -0.971 0.00
yellow_cone 0.00 0 0.00 0.00 0.00 0.00 0.00 0.358 0.251 0.251 15.061 19.675 -0.971 0.00
blue_cone 0.00 0 0.00 0.00 0.00 0.00 0.00 0.358 0.251 0.251 27.198 8.983 -0.971 0.00
yellow_cone 0.00 0 0.00 0.00 0.00 0.00 0.00 0.358 0.251 0.251 13.976 -0.868 -0.971 0.00
yellow_cone 0.00 0 0.00 0.00 0.00 0.00 0.00 0.358 0.251 0.251 21.081 -0.598 -0.971 0.00
blue_cone 0.00 0 0.00 0.00 0.00 0.00 0.00 0.358 0.251 0.251 15.331 24.045 -0.971 0.00
blue_cone 0.00 0 0.00 0.00 0.00 0.00 0.00 0.358 0.251 0.251 17.938 20.996 -0.971 0.00
yellow_cone 0.00 0 0.00 0.00 0.00 0.00 0.00 0.358 0.251 0.251 26.950 3.639 -0.971 0.00
blue_cone 0.00 0 0.00 0.00 0.00 0.00 0.00 0.358 0.251 0.251 18.056 17.859 -0.971 0.00
yellow_cone 0.00 0 0.00 0.00 0.00 0.00 0.00 0.358 0.251 0.251 31.585 10.531 -0.971 0.00
yellow_cone 0.00 0 0.00 0.00 0.00 0.00 0.00 0.358 0.251 0.251 29.337 7.173 -0.971 0.00
blue_cone 0.00 0 0.00 0.00 0.00 0.00 0.00 0.358 0.251 0.251 30.594 15.513 -0.971 0.00
blue_cone 0.00 0 0.00 0.00 0.00 0.00 0.00 0.358 0.251 0.251 29.083 11.979 -0.971 0.00
blue_cone 0.00 0 0.00 0.00 0.00 0.00 0.00 0.358 0.251 0.251 31.609 18.778 -0.971 0.00
yellow_cone 0.00 0 0.00 0.00 0.00 0.00 0.00 0.358 0.251 0.251 33.333 14.478 -0.971 0.00
yellow_cone 0.00 0 0.00 0.00 0.00 0.00 0.00 0.358 0.251 0.251 34.585 18.771 -0.971 0.00
blue_cone 0.00 0 0.00 0.00 0.00 0.00 0.00 0.358 0.251 0.251 31.900 23.436 -0.971 0.00
yellow_cone 0.00 0 0.00 0.00 0.00 0.00 0.00 0.358 0.251 0.251 9.694 23.881 -0.971 0.00
blue_cone 0.00 0 0.00 0.00 0.00 0.00 0.00 0.358 0.251 0.251 11.192 26.739 -0.971 0.00
blue_cone 0.00 0 0.00 0.00 0.00 0.00 0.00 0.358 0.251 0.251 6.114 15.055 -0.971 0.00
yellow_cone 0.00 0 0.00 0.00 0.00 0.00 0.00 0.358 0.251 0.251 10.341 16.954 -0.971 0.00
yellow_cone 0.00 0 0.00 0.00 0.00 0.00 0.00 0.358 0.251 0.251 7.371 18.057 -0.971 0.00
orange_cone 0.00 0 1380.101 950.599 1464.327 1050.975 0.00 0.00 0.00 0.00 0.00 0.00 0.00
orange_cone 0.00 0 364.808 945.553 455.648 1049.310 0.00 0.00 0.00 0.00 0.00 0.00 0.00
orange_cone 0.00 0 694.573 856.413 744.393 912.060 0.00 0.00 0.00 0.00 0.00 0.00 0.00
orange_cone 0.00 0 1225.893 858.411 1278.143 914.004 0.00 0.00 0.00 0.00 0.00 0.00 0.00
orange_cone 0.00 0 1122.277 802.994 1148.185 832.345 0.00 0.00 0.00 0.00 0.00 0.00 0.00
orange_cone 0.00 0 1152.233 820.637 1186.089 859.197 0.00 0.00 0.00 0.00 0.00 0.00 0.00
blue_cone 0.00 0 839.026 797.558 863.651 826.461 0.00 0.00 0.00 0.00 0.00 0.00 0.00
blue_cone 0.00 0 179.920 770.632 195.444 788.039 0.00 0.00 0.00 0.00 0.00 0.00 0.00
blue_cone 0.00 0 624.010 779.742 640.972 803.042 0.00 0.00 0.00 0.00 0.00 0.00 0.00
blue_cone 0.00 0 466.767 774.574 483.777 796.080 0.00 0.00 0.00 0.00 0.00 0.00 0.00
yellow_cone 0.00 0 131.205 765.487 145.343 781.726 0.00 0.00 0.00 0.00 0.00 0.00 0.00
blue_cone 0.00 0 761.713 787.780 783.161 811.669 0.00 0.00 0.00 0.00 0.00 0.00 0.00
yellow_cone 0.00 0 1095.975 793.149 1116.927 816.781 0.00 0.00 0.00 0.00 0.00 0.00 0.00
blue_cone 0.00 0 330.123 773.293 346.377 791.573 0.00 0.00 0.00 0.00 0.00 0.00 0.00
orange_cone 0.00 0 800.082 818.014 832.975 856.523 0.00 0.00 0.00 0.00 0.00 0.00 0.00
yellow_cone 0.00 0 804.696 781.216 821.457 798.497 0.00 0.00 0.00 0.00 0.00 0.00 0.00
yellow_cone 0.00 0 969.340 785.666 987.239 805.911 0.00 0.00 0.00 0.00 0.00 0.00 0.00
