yellow_cone 0.00 0 0.00 0.00 0.00 0.00 0.00 0.358 0.251 0.251 13.195 21.896 -0.971 0.00
blue_cone 0.00 0 0.00 0.00 0.00 0.00 0.00 0.358 0.251 0.251 24.697 5.855 -0.971 0.00
yellow_cone 0.00 0 0.00 0.00 0.00 0.00 0.00 0.358 0.251 0.251 24.071 1.068 -0.971 0.00
blue_cone 0.00 0 0.00 0.00 0.00 0.00 0.00 0.358 0.251 0.251 17.043 15.618 -0.971 0.00
blue_cone 0.00 0 0.00 0.00 0.00 0.00 0.00 0.358 0.251 0.251 22.401 3.495 -0.971 0.00
yellow_cone 0.00 0 0.00 0.00 0.00 0.00 0.00 0.358 0.251 0.251 13.884 17.294 -0.971 0.00
blue_cone 0.00 0 0.00 0.00 0.00 0.00 0.00 0.358 0.251 0.251 14.449 14.149 -0.971 0.00
yellow_cone 0.00 0 0.00 0.00 0.00 0.00 0.00 0.358 0.251 0.251 17.772 -0.770 -0.971 0.00
blue_cone 0.00 0 0.00 0.00 0.00 0.00 0.00 0.358 0.251 0.251 14.196 1.867 -0.971 0.00
yellow_cone 0.00 0 0.00 0.00 0.00 0.00 0.00 0.358 0.251 0.251 9.722 -1.048 -0.971 0.00
blue_cone 0.00 0 0.00 0.00 0.00 0.00 0.00 0.358 0.251 0.251 9.588 1.812 -0.971 0.00
blue_cone 0.00 0 0.00 0.00 0.00 0.00 0.00 0.358 0.251 0.251 5.362 1.955 -0.971 0.00
yellow_cone 0.00 0 0.00 0.00 0.00 0.00 0.00 0.358 0.251 0.251 5.513 -1.119 -0.971 0.00
blue_cone 0.00 0 0.00 0.00 0.00 0.00 0.00 0.358 0.251 0.251 18.767 2.087 -0.971 0.00
yellow_cone 0.00 0 0.00 0.00 0.00 0.00 0.00 0.358 0.251 0.251 15.057 19.677 -0.971 0.00
blue_cone 0.00 0 0.00 0.00 0.00 0.00 0.00 0.358 0.251 0.251 27.194 8.986 -0.971 0.00
yellow_cone 0.00 0 0.00 0.00 0.00 0.00 0.00 0.358 0.251 0.251 13.972 -0.866 -0.971 0.00
yellow_cone 0.00 0 0.00 0.00 0.00 0.00 0.00 0.358 0.251 0.251 21.077 -0.595 -0.971 0.00
blue_cone 0.00 0 0.00 0.00 0.00 0.00 0.00 0.358 0.251 0.251 15.327 24.047 -0.971 0.00
blue_cone 0.00 0 0.00 0.00 0.00 0.00 0.00 0.358 0.251 0.251 17.934 20.998 -0.971 0.00
yellow_cone 0.00 0 0.00 0.00 0.00 0.00 0.00 0.358 0.251 0.251 26.946 3.641 -0.971 0.00
blue_cone 0.00 0 0.00 0.00 0.00 0.00 0.00 0.358 0.251 0.251 18.053 17.861 -0.971 0.00
yellow_cone 0.00 0 0.00 0.00 0.00 0.00 0.00 0.358 0.251 0.251 31.581 10.533 -0.971 0.00
yellow_cone 0.00 0 0.00 0.00 0.00 0.00 0.00 0.358 0.251 0.251 29.332 7.175 -0.971 0.00
blue_cone 0.00 0 0.00 0.00 0.00 0.00 0.00 0.358 0.251 0.251 30.590 15.515 -0.971 0.00
blue_cone 0.00 0 0.00 0.00 0.00 0.00 0.00 0.358 0.251 0.251 29.079 11.981 -0.971 0.00
blue_cone 0.00 0 0.00 0.00 0.00 0.00 0.00 0.358 0.251 0.251 31.605 18.780 -0.971 0.00
yellow_cone 0.00 0 0.00 0.00 0.00 0.00 0.00 0.358 0.251 0.251 33.329 14.480 -0.971 0.00
yellow_cone 0.00 0 0.00 0.00 0.00 0.00 0.00 0.358 0.251 0.251 34.581 18.773 -0.971 0.00
blue_cone 0.00 0 0.00 0.00 0.00 0.00 0.00 0.358 0.251 0.251 31.896 23.438 -0.971 0.00
yellow_cone 0.00 0 0.00 0.00 0.00 0.00 0.00 0.358 0.251 0.251 9.690 23.884 -0.971 0.00
blue_cone 0.00 0 0.00 0.00 0.00 0.00 0.00 0.358 0.251 0.251 11.189 26.742 -0.971 0.00
blue_cone 0.00 0 0.00 0.00 0.00 0.00 0.00 0.358 0.251 0.251 6.109 15.058 -0.971 0.00
yellow_cone 0.00 0 0.00 0.00 0.00 0.00 0.00 0.358 0.251 0.251 10.337 16.956 -0.971 0.00
yellow_cone 0.00 0 0.00 0.00 0.00 0.00 0.00 0.358 0.251 0.251 7.367 18.059 -0.971 0.00
orange_cone 0.00 0 1381.011 950.155 1463.775 1050.941 0.00 0.00 0.00 0.00 0.00 0.00 0.00
orange_cone 0.00 0 365.049 945.303 455.365 1049.290 0.00 0.00 0.00 0.00 0.00 0.00 0.00
orange_cone 0.00 0 694.568 856.215 744.260 912.209 0.00 0.00 0.00 0.00 0.00 0.00 0.00
orange_cone 0.00 0 1226.398 858.502 1278.112 913.841 0.00 0.00 0.00 0.00 0.00 0.00 0.00
orange_cone 0.00 0 1122.265 802.982 1147.859 832.234 0.00 0.00 0.00 0.00 0.00 0.00 0.00
orange_cone 0.00 0 1152.423 820.818 1186.436 859.567 0.00 0.00 0.00 0.00 0.00 0.00 0.00
blue_cone 0.00 0 180.321 770.543 195.687 788.245 0.00 0.00 0.00 0.00 0.00 0.00 0.00
blue_cone 0.00 0 839.093 797.564 863.260 826.491 0.00 0.00 0.00 0.00 0.00 0.00 0.00
blue_cone 0.00 0 466.463 774.220 483.559 796.117 0.00 0.00 0.00 0.00 0.00 0.00 0.00
blue_cone 0.00 0 761.761 788.334 782.844 811.883 0.00 0.00 0.00 0.00 0.00 0.00 0.00
blue_cone 0.00 0 623.806 779.093 641.229 803.029 0.00 0.00 0.00 0.00 0.00 0.00 0.00
yellow_cone 0.00 0 131.691 764.860 145.637 781.036 0.00 0.00 0.00 0.00 0.00 0.00 0.00
blue_cone 0.00 0 330.337 773.970 346.663 792.279 0.00 0.00 0.00 0.00 0.00 0.00 0.00
orange_cone 0.00 0 800.402 818.311 832.892 856.773 0.00 0.00 0.00 0.00 0.00 0.00 0.00
yellow_cone 0.00 0 1095.606 793.361 1116.884 817.400 0.00 0.00 0.00 0.00 0.00 0.00 0.00
yellow_cone 0.00 0 969.543 785.556 987.375 806.498 0.00 0.00 0.00 0.00 0.00 0.00 0.00
