blue_cone 0.00 0 0.00 0.00 0.00 0.00 0.00 0.358 0.251 0.251 19.099 -1.634 -0.971 0.00
yellow_cone 0.00 0 0.00 0.00 0.00 0.00 0.00 0.358 0.251 0.251 22.588 -4.971 -0.971 0.00
blue_cone 0.00 0 0.00 0.00 0.00 0.00 0.00 0.358 0.251 0.251 6.700 -2.025 -0.971 0.00
blue_cone 0.00 0 0.00 0.00 0.00 0.00 0.00 0.358 0.251 0.251 19.643 -4.880 -0.971 0.00
yellow_cone 0.00 0 0.00 0.00 0.00 0.00 0.00 0.358 0.251 0.251 3.480 -3.579 -0.971 0.00
blue_cone 0.00 0 0.00 0.00 0.00 0.00 0.00 0.358 0.251 0.251 6.349 -4.985 -0.971 0.00
yellow_cone 0.00 0 0.00 0.00 0.00 0.00 0.00 0.358 0.251 0.251 20.341 -11.136 -0.971 0.00
blue_cone 0.00 0 0.00 0.00 0.00 0.00 0.00 0.358 0.251 0.251 16.099 -12.458 -0.971 0.00
yellow_cone 0.00 0 0.00 0.00 0.00 0.00 0.00 0.358 0.251 0.251 15.801 -17.789 -0.971 0.00
blue_cone 0.00 0 0.00 0.00 0.00 0.00 0.00 0.358 0.251 0.251 13.416 -16.205 -0.971 0.00
blue_cone 0.00 0 0.00 0.00 0.00 0.00 0.00 0.358 0.251 0.251 10.800 -19.526 -0.971 0.00
yellow_cone 0.00 0 0.00 0.00 0.00 0.00 0.00 0.358 0.251 0.251 13.368 -21.224 -0.971 0.00
blue_cone 0.00 0 0.00 0.00 0.00 0.00 0.00 0.358 0.251 0.251 18.627 -8.643 -0.971 0.00
yellow_cone 0.00 0 0.00 0.00 0.00 0.00 0.00 0.358 0.251 0.251 2.253 -1.223 -0.971 0.00
blue_cone 0.00 0 0.00 0.00 0.00 0.00 0.00 0.358 0.251 0.251 18.054 2.232 -0.971 0.00
yellow_cone 0.00 0 0.00 0.00 0.00 0.00 0.00 0.358 0.251 0.251 18.170 -14.256 -0.971 0.00
yellow_cone 0.00 0 0.00 0.00 0.00 0.00 0.00 0.358 0.251 0.251 22.157 -8.369 -0.971 0.00
blue_cone 0.00 0 0.00 0.00 0.00 0.00 0.00 0.358 0.251 0.251 2.891 1.878 -0.971 0.00
yellow_cone 0.00 0 0.00 0.00 0.00 0.00 0.00 0.358 0.251 0.251 22.216 -1.131 -0.971 0.00
blue_cone 0.00 0 0.00 0.00 0.00 0.00 0.00 0.358 0.251 0.251 5.490 0.117 -0.971 0.00
yellow_cone 0.00 0 0.00 0.00 0.00 0.00 0.00 0.358 0.251 0.251 19.404 6.684 -0.971 0.00
yellow_cone 0.00 0 0.00 0.00 0.00 0.00 0.00 0.358 0.251 0.251 20.779 2.884 -0.971 0.00
blue_cone 0.00 0 0.00 0.00 0.00 0.00 0.00 0.358 0.251 0.251 14.801 8.834 -0.971 0.00
blue_cone 0.00 0 0.00 0.00 0.00 0.00 0.00 0.358 0.251 0.251 16.755 5.524 -0.971 0.00
blue_cone 0.00 0 0.00 0.00 0.00 0.00 0.00 0.358 0.251 0.251 12.770 11.585 -0.971 0.00
yellow_cone 0.00 0 0.00 0.00 0.00 0.00 0.00 0.358 0.251 0.251 17.257 10.429 -0.971 0.00
yellow_cone 0.00 0 0.00 0.00 0.00 0.00 0.00 0.358 0.251 0.251 14.537 13.979 -0.971 0.00
blue_cone 0.00 0 0.00 0.00 0.00 0.00 0.00 0.358 0.251 0.251 9.188 14.576 -0.971 0.00
yellow_cone 0.00 0 0.00 0.00 0.00 0.00 0.00 0.358 0.251 0.251 10.790 17.052 -0.971 0.00
blue_cone 0.00 0 0.00 0.00 0.00 0.00 0.00 0.358 0.251 0.251 5.262 16.649 -0.971 0.00
yellow_cone 0.00 0 0.00 0.00 0.00 0.00 0.00 0.358 0.251 0.251 6.847 19.160 -0.971 0.00
blue_cone 0.00 0 0.00 0.00 0.00 0.00 0.00 0.358 0.251 0.251 8.609 -23.377 -0.971 0.00
yellow_cone 0.00 0 0.00 0.00 0.00 0.00 0.00 0.358 0.251 0.251 11.087 -24.792 -0.971 0.00
yellow_cone 0.00 0 0.00 0.00 0.00 0.00 0.00 0.358 0.251 0.251 8.448 -28.737 -0.971 0.00
blue_cone 0.00 0 0.000 1081.910 146.661 1274.524 0.00 0.00 0.00 0.00 0.00 0.00 0.00
blue_cone 0.00 0 1031.379 945.934 1120.937 1049.209 0.00 0.00 0.00 0.00 0.00 0.00 0.00
blue_cone 0.00 0 1612.911 919.104 1688.995 1002.312 0.00 0.00 0.00 0.00 0.00 0.00 0.00
blue_cone 0.00 0 867.228 792.569 895.168 822.408 0.00 0.00 0.00 0.00 0.00 0.00 0.00
blue_cone 0.00 0 1501.404 806.055 1532.796 828.531 0.00 0.00 0.00 0.00 0.00 0.00 0.00
blue_cone 0.00 0 507.792 790.192 538.746 822.406 0.00 0.00 0.00 0.00 0.00 0.00 0.00
blue_cone 0.00 0 1898.307 810.814 1926.323 839.549 0.00 0.00 0.00 0.00 0.00 0.00 0.00
yellow_cone 0.00 0 491.153 778.557 519.233 807.974 0.00 0.00 0.00 0.00 0.00 0.00 0.00
blue_cone 0.00 0 81.252 782.940 114.160 819.921 0.00 0.00 0.00 0.00 0.00 0.00 0.00
yellow_cone 0.00 0 847.130 783.125 871.754 809.247 0.00 0.00 0.00 0.00 0.00 0.00 0.00
yellow_cone 0.00 0 1179.435 788.070 1202.622 812.730 0.00 0.00 0.00 0.00 0.00 0.00 0.00
yellow_cone 0.00 0 2011.802 1242.790 2048.000 1529.027 0.00 0.00 0.00 0.00 0.00 0.00 0.00
yellow_cone 0.00 0 1485.084 790.729 1503.999 814.238 0.00 0.00 0.00 0.00 0.00 0.00 0.00
yellow_cone 0.00 0 1757.327 798.668 1781.921 823.318 0.00 0.00 0.00 0.00 0.00 0.00 0.00
blue_cone 0.00 0 1240.826 796.109 1268.777 825.395 0.00 0.00 0.00 0.00 0.00 0.00 0.00
yellow_cone 0.00 0 79.888 781.000 113.183 819.234 0.00 0.00 0.00 0.00 0.00 0.00 0.00
