yellow_cone 0.00 0 0.00 0.00 0.00 0.00 0.00 0.358 0.251 0.251 13.197 21.894 -0.971 0.00
blue_cone 0.00 0 0.00 0.00 0.00 0.00 0.00 0.358 0.251 0.251 24.697 5.852 -0.971 0.00
yellow_cone 0.00 0 0.00 0.00 0.00 0.00 0.00 0.358 0.251 0.251 24.070 1.065 -0.971 0.00
blue_cone 0.00 0 0.00 0.00 0.00 0.00 0.00 0.358 0.251 0.251 17.044 15.616 -0.971 0.00
blue_cone 0.00 0 0.00 0.00 0.00 0.00 0.00 0.358 0.251 0.251 22.401 3.492 -0.971 0.00
yellow_cone 0.00 0 0.00 0.00 0.00 0.00 0.00 0.358 0.251 0.251 13.886 17.292 -0.971 0.00
blue_cone 0.00 0 0.00 0.00 0.00 0.00 0.00 0.358 0.251 0.251 14.451 14.148 -0.971 0.00
yellow_cone 0.00 0 0.00 0.00 0.00 0.00 0.00 0.358 0.251 0.251 17.770 -0.772 -0.971 0.00
blue_cone 0.00 0 0.00 0.00 0.00 0.00 0.00 0.358 0.251 0.251 14.195 1.866 -0.971 0.00
yellow_cone 0.00 0 0.00 0.00 0.00 0.00 0.00 0.358 0.251 0.251 9.720 -1.048 -0.971 0.00
blue_cone 0.00 0 0.00 0.00 0.00 0.00 0.00 0.358 0.251 0.251 9.587 1.812 -0.971 0.00
blue_cone 0.00 0 0.00 0.00 0.00 0.00 0.00 0.358 0.251 0.251 5.362 1.955 -0.971 0.00
yellow_cone 0.00 0 0.00 0.00 0.00 0.00 0.00 0.358 0.251 0.251 5.512 -1.119 -0.971 0.00
blue_cone 0.00 0 0.00 0.00 0.00 0.00 0.00 0.358 0.251 0.251 18.766 2.085 -0.971 0.00
yellow_cone 0.00 0 0.00 0.00 0.00 0.00 0.00 0.358 0.251 0.251 15.059 19.676 -0.971 0.00
blue_cone 0.00 0 0.00 0.00 0.00 0.00 0.00 0.358 0.251 0.251 27.194 8.982 -0.971 0.00
yellow_cone 0.00 0 0.00 0.00 0.00 0.00 0.00 0.358 0.251 0.251 13.970 -0.867 -0.971 0.00
yellow_cone 0.00 0 0.00 0.00 0.00 0.00 0.00 0.358 0.251 0.251 21.076 -0.598 -0.971 0.00
blue_cone 0.00 0 0.00 0.00 0.00 0.00 0.00 0.358 0.251 0.251 15.330 24.045 -0.971 0.00
blue_cone 0.00 0 0.00 0.00 0.00 0.00 0.00 0.358 0.251 0.251 17.937 20.996 -0.971 0.00
yellow_cone 0.00 0 0.00 0.00 0.00 0.00 0.00 0.358 0.251 0.251 26.945 3.637 -0.971 0.00
blue_cone 0.00 0 0.00 0.00 0.00 0.00 0.00 0.358 0.251 0.251 18.055 17.859 -0.971 0.00
yellow_cone 0.00 0 0.00 0.00 0.00 0.00 0.00 0.358 0.251 0.251 31.582 10.528 -0.971 0.00
yellow_cone 0.00 0 0.00 0.00 0.00 0.00 0.00 0.358 0.251 0.251 29.332 7.170 -0.971 0.00
blue_cone 0.00 0 0.00 0.00 0.00 0.00 0.00 0.358 0.251 0.251 30.592 15.511 -0.971 0.00
blue_cone 0.00 0 0.00 0.00 0.00 0.00 0.00 0.358 0.251 0.251 29.080 11.977 -0.971 0.00
blue_cone 0.00 0 0.00 0.00 0.00 0.00 0.00 0.358 0.251 0.251 31.607 18.776 -0.971 0.00
yellow_cone 0.00 0 0.00 0.00 0.00 0.00 0.00 0.358 0.251 0.251 33.330 14.475 -0.971 0.00
yellow_cone 0.00 0 0.00 0.00 0.00 0.00 0.00 0.358 0.251 0.251 34.583 18.768 -0.971 0.00
blue_cone 0.00 0 0.00 0.00 0.00 0.00 0.00 0.358 0.251 0.251 31.899 23.433 -0.971 0.00
yellow_cone 0.00 0 0.00 0.00 0.00 0.00 0.00 0.358 0.251 0.251 9.693 23.883 -0.971 0.00
blue_cone 0.00 0 0.00 0.00 0.00 0.00 0.00 0.358 0.251 0.251 11.192 26.741 -0.971 0.00
blue_cone 0.00 0 0.00 0.00 0.00 0.00 0.00 0.358 0.251 0.251 6.111 15.058 -0.971 0.00
yellow_cone 0.00 0 0.00 0.00 0.00 0.00 0.00 0.358 0.251 0.251 10.339 16.956 -0.971 0.00
yellow_cone 0.00 0 0.00 0.00 0.00 0.00 0.00 0.358 0.251 0.251 7.369 18.059 -0.971 0.00
orange_cone 0.00 0 1380.781 950.321 1464.221 1051.002 0.00 0.00 0.00 0.00 0.00 0.00 0.00
orange_cone 0.00 0 365.618 946.398 455.585 1049.742 0.00 0.00 0.00 0.00 0.00 0.00 0.00
orange_cone 0.00 0 695.101 856.326 744.283 912.361 0.00 0.00 0.00 0.00 0.00 0.00 0.00
orange_cone 0.00 0 1226.328 858.114 1278.064 913.814 0.00 0.00 0.00 0.00 0.00 0.00 0.00
orange_cone 0.00 0 1122.209 803.339 1147.889 832.514 0.00 0.00 0.00 0.00 0.00 0.00 0.00
orange_cone 0.00 0 1152.134 820.409 1186.246 859.345 0.00 0.00 0.00 0.00 0.00 0.00 0.00
blue_cone 0.00 0 179.982 770.860 195.394 787.987 0.00 0.00 0.00 0.00 0.00 0.00 0.00
blue_cone 0.00 0 467.332 774.875 483.969 796.081 0.00 0.00 0.00 0.00 0.00 0.00 0.00
blue_cone 0.00 0 839.032 797.820 863.344 826.648 0.00 0.00 0.00 0.00 0.00 0.00 0.00
blue_cone 0.00 0 623.971 779.459 640.880 803.098 0.00 0.00 0.00 0.00 0.00 0.00 0.00
yellow_cone 0.00 0 131.337 765.487 145.814 781.846 0.00 0.00 0.00 0.00 0.00 0.00 0.00
blue_cone 0.00 0 761.549 788.248 783.106 811.626 0.00 0.00 0.00 0.00 0.00 0.00 0.00
orange_cone 0.00 0 800.291 818.006 832.850 856.425 0.00 0.00 0.00 0.00 0.00 0.00 0.00
blue_cone 0.00 0 331.000 773.919 347.667 792.446 0.00 0.00 0.00 0.00 0.00 0.00 0.00
yellow_cone 0.00 0 1095.837 793.698 1116.582 816.514 0.00 0.00 0.00 0.00 0.00 0.00 0.00
yellow_cone 0.00 0 969.432 785.962 987.345 806.025 0.00 0.00 0.00 0.00 0.00 0.00 0.00
yellow_cone 0.00 0 804.753 781.289 821.728 798.439 0.00 0.00 0.00 0.00 0.00 0.00 0.00
