yellow_cone 0.00 0 0.00 0.00 0.00 0.00 0.00 0.358 0.251 0.251 9.705 19.567 -0.971 0.00
blue_cone 0.00 0 0.00 0.00 0.00 0.00 0.00 0.358 0.251 0.251 11.061 26.805 -0.971 0.00
yellow_cone 0.00 0 0.00 0.00 0.00 0.00 0.00 0.358 0.251 0.251 12.280 23.443 -0.971 0.00
blue_cone 0.00 0 0.00 0.00 0.00 0.00 0.00 0.358 0.251 0.251 13.969 26.155 -0.971 0.00
yellow_cone 0.00 0 0.00 0.00 0.00 0.00 0.00 0.358 0.251 0.251 9.811 22.461 -0.971 0.00
blue_cone 0.00 0 0.00 0.00 0.00 0.00 0.00 0.358 0.251 0.251 6.681 19.401 -0.971 0.00
blue_cone 0.00 0 0.00 0.00 0.00 0.00 0.00 0.358 0.251 0.251 6.791 23.411 -0.971 0.00
blue_cone 0.00 0 0.00 0.00 0.00 0.00 0.00 0.358 0.251 0.251 8.807 25.818 -0.971 0.00
blue_cone 0.00 0 0.00 0.00 0.00 0.00 0.00 0.358 0.251 0.251 3.150 1.520 -0.971 0.00
yellow_cone 0.00 0 0.00 0.00 0.00 0.00 0.00 0.358 0.251 0.251 3.541 -1.275 -0.971 0.00
blue_cone 0.00 0 0.00 0.00 0.00 0.00 0.00 0.358 0.251 0.251 6.849 2.706 -0.971 0.00
yellow_cone 0.00 0 0.00 0.00 0.00 0.00 0.00 0.358 0.251 0.251 8.149 0.067 -0.971 0.00
blue_cone 0.00 0 0.00 0.00 0.00 0.00 0.00 0.358 0.251 0.251 8.901 4.571 -0.971 0.00
yellow_cone 0.00 0 0.00 0.00 0.00 0.00 0.00 0.358 0.251 0.251 11.744 2.562 -0.971 0.00
blue_cone 0.00 0 0.00 0.00 0.00 0.00 0.00 0.358 0.251 0.251 10.160 7.148 -0.971 0.00
yellow_cone 0.00 0 0.00 0.00 0.00 0.00 0.00 0.358 0.251 0.251 13.370 6.536 -0.971 0.00
blue_cone 0.00 0 0.00 0.00 0.00 0.00 0.00 0.358 0.251 0.251 9.958 10.867 -0.971 0.00
yellow_cone 0.00 0 0.00 0.00 0.00 0.00 0.00 0.358 0.251 0.251 13.066 11.166 -0.971 0.00
yellow_cone 0.00 0 0.00 0.00 0.00 0.00 0.00 0.358 0.251 0.251 10.972 15.742 -0.971 0.00
blue_cone 0.00 0 0.00 0.00 0.00 0.00 0.00 0.358 0.251 0.251 7.944 14.627 -0.971 0.00
blue_cone 0.00 0 0.00 0.00 0.00 0.00 0.00 0.358 0.251 0.251 19.547 19.889 -0.971 0.00
blue_cone 0.00 0 0.00 0.00 0.00 0.00 0.00 0.358 0.251 0.251 22.440 7.001 -0.971 0.00
blue_cone 0.00 0 0.00 0.00 0.00 0.00 0.00 0.358 0.251 0.251 20.101 -9.960 -0.971 0.00
blue_cone 0.00 0 0.00 0.00 0.00 0.00 0.00 0.358 0.251 0.251 21.249 15.980 -0.971 0.00
blue_cone 0.00 0 0.00 0.00 0.00 0.00 0.00 0.358 0.251 0.251 22.406 11.541 -0.971 0.00
blue_cone 0.00 0 0.00 0.00 0.00 0.00 0.00 0.358 0.251 0.251 21.236 -12.767 -0.971 0.00
blue_cone 0.00 0 0.00 0.00 0.00 0.00 0.00 0.358 0.251 0.251 22.768 -16.612 -0.971 0.00
blue_cone 0.00 0 0.00 0.00 0.00 0.00 0.00 0.358 0.251 0.251 24.506 -19.912 -0.971 0.00
blue_cone 0.00 0 0.00 0.00 0.00 0.00 0.00 0.358 0.251 0.251 19.933 -6.076 -0.971 0.00
blue_cone 0.00 0 0.00 0.00 0.00 0.00 0.00 0.358 0.251 0.251 21.787 2.417 -0.971 0.00
blue_cone 0.00 0 0.00 0.00 0.00 0.00 0.00 0.358 0.251 0.251 20.991 -1.936 -0.971 0.00
yellow_cone 0.00 0 0.00 0.00 0.00 0.00 0.00 0.358 0.251 0.251 15.138 21.315 -0.971 0.00
yellow_cone 0.00 0 0.00 0.00 0.00 0.00 0.00 0.358 0.251 0.251 18.023 -1.433 -0.971 0.00
yellow_cone 0.00 0 0.00 0.00 0.00 0.00 0.00 0.358 0.251 0.251 20.178 -17.730 -0.971 0.00
yellow_cone 0.00 0 0.00 0.00 0.00 0.00 0.00 0.358 0.251 0.251 18.988 3.105 -0.971 0.00
yellow_cone 0.00 0 0.00 0.00 0.00 0.00 0.00 0.358 0.251 0.251 16.601 18.505 -0.971 0.00
yellow_cone 0.00 0 0.00 0.00 0.00 0.00 0.00 0.358 0.251 0.251 19.411 7.239 -0.971 0.00
yellow_cone 0.00 0 0.00 0.00 0.00 0.00 0.00 0.358 0.251 0.251 18.359 -13.960 -0.971 0.00
yellow_cone 0.00 0 0.00 0.00 0.00 0.00 0.00 0.358 0.251 0.251 17.102 -5.935 -0.971 0.00
yellow_cone 0.00 0 0.00 0.00 0.00 0.00 0.00 0.358 0.251 0.251 17.205 -10.322 -0.971 0.00
yellow_cone 0.00 0 0.00 0.00 0.00 0.00 0.00 0.358 0.251 0.251 18.232 15.264 -0.971 0.00
yellow_cone 0.00 0 0.00 0.00 0.00 0.00 0.00 0.358 0.251 0.251 19.447 11.417 -0.971 0.00
blue_cone 0.00 0 172.471 1102.253 336.855 1288.486 0.00 0.00 0.00 0.00 0.00 0.00 0.00
yellow_cone 0.00 0 1659.863 1078.188 1811.713 1244.455 0.00 0.00 0.00 0.00 0.00 0.00 0.00
blue_cone 0.00 0 334.979 912.401 396.104 988.466 0.00 0.00 0.00 0.00 0.00 0.00 0.00
blue_cone 0.00 0 142.224 870.797 192.515 928.413 0.00 0.00 0.00 0.00 0.00 0.00 0.00
yellow_cone 0.00 0 1059.037 899.420 1123.412 970.819 0.00 0.00 0.00 0.00 0.00 0.00 0.00
yellow_cone 0.00 0 649.939 848.989 694.967 896.340 0.00 0.00 0.00 0.00 0.00 0.00 0.00
yellow_cone 0.00 0 196.070 829.807 236.763 871.647 0.00 0.00 0.00 0.00 0.00 0.00 0.00
yellow_cone 0.00 0 762.381 815.533 788.020 842.388 0.00 0.00 0.00 0.00 0.00 0.00 0.00
blue_cone 0.00 0 1919.261 821.687 1943.037 846.713 0.00 0.00 0.00 0.00 0.00 0.00 0.00
yellow_cone 0.00 0 53.542 801.776 76.373 827.166 0.00 0.00 0.00 0.00 0.00 0.00 0.00
yellow_cone 0.00 0 405.981 807.815 431.504 835.767 0.00 0.00 0.00 0.00 0.00 0.00 0.00
blue_cone 0.00 0 1594.527 819.180 1617.780 845.017 0.00 0.00 0.00 0.00 0.00 0.00 0.00
yellow_cone 0.00 0 1657.096 831.367 1684.873 860.118 0.00 0.00 0.00 0.00 0.00 0.00 0.00
blue_cone 0.00 0 507.700 800.398 529.069 823.480 0.00 0.00 0.00 0.00 0.00 0.00 0.00
yellow_cone 0.00 0 1192.279 822.676 1219.110 849.795 0.00 0.00 0.00 0.00 0.00 0.00 0.00
blue_cone 0.00 0 1288.327 787.694 1299.194 801.045 0.00 0.00 0.00 0.00 0.00 0.00 0.00
blue_cone 0.00 0 1214.296 812.305 1236.135 836.352 0.00 0.00 0.00 0.00 0.00 0.00 0.00
blue_cone 0.00 0 856.238 809.059 876.072 831.631 0.00 0.00 0.00 0.00 0.00 0.00 0.00
blue_cone 0.00 0 1149.689 785.177 1161.381 798.590 0.00 0.00 0.00 0.00 0.00 0.00 0.00
