yellow_cone 0.00 0 0.00 0.00 0.00 0.00 0.00 0.358 0.251 0.251 13.190 21.895 -0.971 0.00
blue_cone 0.00 0 0.00 0.00 0.00 0.00 0.00 0.358 0.251 0.251 24.699 5.859 -0.971 0.00
yellow_cone 0.00 0 0.00 0.00 0.00 0.00 0.00 0.358 0.251 0.251 24.075 1.072 -0.971 0.00
blue_cone 0.00 0 0.00 0.00 0.00 0.00 0.00 0.358 0.251 0.251 17.041 15.619 -0.971 0.00
blue_cone 0.00 0 0.00 0.00 0.00 0.00 0.00 0.358 0.251 0.251 22.404 3.498 -0.971 0.00
yellow_cone 0.00 0 0.00 0.00 0.00 0.00 0.00 0.358 0.251 0.251 13.882 17.294 -0.971 0.00
blue_cone 0.00 0 0.00 0.00 0.00 0.00 0.00 0.358 0.251 0.251 14.448 14.149 -0.971 0.00
yellow_cone 0.00 0 0.00 0.00 0.00 0.00 0.00 0.358 0.251 0.251 17.776 -0.769 -0.971 0.00
blue_cone 0.00 0 0.00 0.00 0.00 0.00 0.00 0.358 0.251 0.251 14.199 1.867 -0.971 0.00
yellow_cone 0.00 0 0.00 0.00 0.00 0.00 0.00 0.358 0.251 0.251 9.727 -1.049 -0.971 0.00
blue_cone 0.00 0 0.00 0.00 0.00 0.00 0.00 0.358 0.251 0.251 9.591 1.810 -0.971 0.00
blue_cone 0.00 0 0.00 0.00 0.00 0.00 0.00 0.358 0.251 0.251 5.366 1.952 -0.971 0.00
yellow_cone 0.00 0 0.00 0.00 0.00 0.00 0.00 0.358 0.251 0.251 5.518 -1.123 -0.971 0.00
blue_cone 0.00 0 0.00 0.00 0.00 0.00 0.00 0.358 0.251 0.251 18.770 2.089 -0.971 0.00
yellow_cone 0.00 0 0.00 0.00 0.00 0.00 0.00 0.358 0.251 0.251 15.053 19.678 -0.971 0.00
blue_cone 0.00 0 0.00 0.00 0.00 0.00 0.00 0.358 0.251 0.251 27.195 8.991 -0.971 0.00
yellow_cone 0.00 0 0.00 0.00 0.00 0.00 0.00 0.358 0.251 0.251 13.977 -0.866 -0.971 0.00
yellow_cone 0.00 0 0.00 0.00 0.00 0.00 0.00 0.358 0.251 0.251 21.082 -0.593 -0.971 0.00
blue_cone 0.00 0 0.00 0.00 0.00 0.00 0.00 0.358 0.251 0.251 15.322 24.047 -0.971 0.00
blue_cone 0.00 0 0.00 0.00 0.00 0.00 0.00 0.358 0.251 0.251 17.930 21.000 -0.971 0.00
yellow_cone 0.00 0 0.00 0.00 0.00 0.00 0.00 0.358 0.251 0.251 26.949 3.645 -0.971 0.00
blue_cone 0.00 0 0.00 0.00 0.00 0.00 0.00 0.358 0.251 0.251 18.050 17.863 -0.971 0.00
yellow_cone 0.00 0 0.00 0.00 0.00 0.00 0.00 0.358 0.251 0.251 31.581 10.539 -0.971 0.00
yellow_cone 0.00 0 0.00 0.00 0.00 0.00 0.00 0.358 0.251 0.251 29.334 7.180 -0.971 0.00
blue_cone 0.00 0 0.00 0.00 0.00 0.00 0.00 0.358 0.251 0.251 30.588 15.522 -0.971 0.00
blue_cone 0.00 0 0.00 0.00 0.00 0.00 0.00 0.358 0.251 0.251 29.078 11.987 -0.971 0.00
blue_cone 0.00 0 0.00 0.00 0.00 0.00 0.00 0.358 0.251 0.251 31.602 18.787 -0.971 0.00
yellow_cone 0.00 0 0.00 0.00 0.00 0.00 0.00 0.358 0.251 0.251 33.328 14.487 -0.971 0.00
yellow_cone 0.00 0 0.00 0.00 0.00 0.00 0.00 0.358 0.251 0.251 34.578 18.781 -0.971 0.00
blue_cone 0.00 0 0.00 0.00 0.00 0.00 0.00 0.358 0.251 0.251 31.891 23.445 -0.971 0.00
yellow_cone 0.00 0 0.00 0.00 0.00 0.00 0.00 0.358 0.251 0.251 9.685 23.882 -0.971 0.00
blue_cone 0.00 0 0.00 0.00 0.00 0.00 0.00 0.358 0.251 0.251 11.182 26.741 -0.971 0.00
blue_cone 0.00 0 0.00 0.00 0.00 0.00 0.00 0.358 0.251 0.251 6.108 15.054 -0.971 0.00
yellow_cone 0.00 0 0.00 0.00 0.00 0.00 0.00 0.358 0.251 0.251 10.334 16.955 -0.971 0.00
yellow_cone 0.00 0 0.00 0.00 0.00 0.00 0.00 0.358 0.251 0.251 7.364 18.056 -0.971 0.00
orange_cone 0.00 0 1380.321 950.142 1464.048 1050.997 0.00 0.00 0.00 0.00 0.00 0.00 0.00
orange_cone 0.00 0 363.552 945.253 455.938 1049.326 0.00 0.00 0.00 0.00 0.00 0.00 0.00
orange_cone 0.00 0 693.997 856.428 744.622 912.518 0.00 0.00 0.00 0.00 0.00 0.00 0.00
orange_cone 0.00 0 1226.175 858.197 1278.150 913.806 0.00 0.00 0.00 0.00 0.00 0.00 0.00
orange_cone 0.00 0 1122.403 803.395 1147.783 832.364 0.00 0.00 0.00 0.00 0.00 0.00 0.00
orange_cone 0.00 0 1151.972 820.816 1185.688 859.505 0.00 0.00 0.00 0.00 0.00 0.00 0.00
blue_cone 0.00 0 180.176 770.744 195.633 788.326 0.00 0.00 0.00 0.00 0.00 0.00 0.00
blue_cone 0.00 0 623.933 779.555 641.138 802.870 0.00 0.00 0.00 0.00 0.00 0.00 0.00
blue_cone 0.00 0 838.776 797.206 863.292 826.635 0.00 0.00 0.00 0.00 0.00 0.00 0.00
yellow_cone 0.00 0 131.139 765.817 145.145 781.370 0.00 0.00 0.00 0.00 0.00 0.00 0.00
blue_cone 0.00 0 761.859 788.096 783.151 811.781 0.00 0.00 0.00 0.00 0.00 0.00 0.00
blue_cone 0.00 0 466.805 774.830 483.667 796.061 0.00 0.00 0.00 0.00 0.00 0.00 0.00
yellow_cone 0.00 0 1095.895 793.391 1117.087 817.053 0.00 0.00 0.00 0.00 0.00 0.00 0.00
blue_cone 0.00 0 330.257 773.613 346.514 791.575 0.00 0.00 0.00 0.00 0.00 0.00 0.00
orange_cone 0.00 0 800.136 817.847 833.281 856.600 0.00 0.00 0.00 0.00 0.00 0.00 0.00
yellow_cone 0.00 0 804.486 781.827 821.105 798.793 0.00 0.00 0.00 0.00 0.00 0.00 0.00
yellow_cone 0.00 0 969.254 785.793 987.282 806.208 0.00 0.00 0.00 0.00 0.00 0.00 0.00
