yellow_cone 0.00 0 0.00 0.00 0.00 0.00 0.00 0.358 0.251 0.251 4.799 8.906 -0.971 0.00
blue_cone 0.00 0 0.00 0.00 0.00 0.00 0.00 0.358 0.251 0.251 2.619 7.050 -0.971 0.00
blue_cone 0.00 0 0.00 0.00 0.00 0.00 0.00 0.358 0.251 0.251 5.092 3.621 -0.971 0.00
yellow_cone 0.00 0 0.00 0.00 0.00 0.00 0.00 0.358 0.251 0.251 7.431 5.622 -0.971 0.00
blue_cone 0.00 0 0.00 0.00 0.00 0.00 0.00 0.358 0.251 0.251 19.810 -12.398 -0.971 0.00
blue_cone 0.00 0 0.00 0.00 0.00 0.00 0.00 0.358 0.251 0.251 17.109 -9.421 -0.971 0.00
blue_cone 0.00 0 0.00 0.00 0.00 0.00 0.00 0.358 0.251 0.251 8.191 0.454 -0.971 0.00
blue_cone 0.00 0 0.00 0.00 0.00 0.00 0.00 0.358 0.251 0.251 13.921 -6.612 -0.971 0.00
blue_cone 0.00 0 0.00 0.00 0.00 0.00 0.00 0.358 0.251 0.251 11.092 -3.055 -0.971 0.00
blue_cone 0.00 0 0.00 0.00 0.00 0.00 0.00 0.358 0.251 0.251 22.309 -16.102 -0.971 0.00
yellow_cone 0.00 0 0.00 0.00 0.00 0.00 0.00 0.358 0.251 0.251 19.413 -7.605 -0.971 0.00
yellow_cone 0.00 0 0.00 0.00 0.00 0.00 0.00 0.358 0.251 0.251 24.755 -14.194 -0.971 0.00
yellow_cone 0.00 0 0.00 0.00 0.00 0.00 0.00 0.358 0.251 0.251 10.233 2.447 -0.971 0.00
yellow_cone 0.00 0 0.00 0.00 0.00 0.00 0.00 0.358 0.251 0.251 13.300 -1.176 -0.971 0.00
yellow_cone 0.00 0 0.00 0.00 0.00 0.00 0.00 0.358 0.251 0.251 22.006 -10.698 -0.971 0.00
yellow_cone 0.00 0 0.00 0.00 0.00 0.00 0.00 0.358 0.251 0.251 16.290 -4.519 -0.971 0.00
yellow_cone 0.00 0 602.327 848.281 654.602 904.644 0.00 0.00 0.00 0.00 0.00 0.00 0.00
yellow_cone 0.00 0 945.974 885.361 995.865 949.972 0.00 0.00 0.00 0.00 0.00 0.00 0.00
orange_cone 0.00 0 1187.666 833.301 1224.100 873.926 0.00 0.00 0.00 0.00 0.00 0.00 0.00
large_orange_cone 0.00 0 1844.981 832.293 1877.667 869.584 0.00 0.00 0.00 0.00 0.00 0.00 0.00
orange_cone 0.00 0 1513.565 854.678 1555.941 900.618 0.00 0.00 0.00 0.00 0.00 0.00 0.00
large_orange_cone 0.00 0 1896.970 803.822 1917.667 827.580 0.00 0.00 0.00 0.00 0.00 0.00 0.00
large_orange_cone 0.00 0 1754.640 811.118 1778.022 837.055 0.00 0.00 0.00 0.00 0.00 0.00 0.00
orange_cone 0.00 0 1519.163 820.775 1546.361 851.950 0.00 0.00 0.00 0.00 0.00 0.00 0.00
