yellow_cone 0.00 0 0.00 0.00 0.00 0.00 0.00 0.358 0.251 0.251 4.795 8.899 -0.971 0.00
blue_cone 0.00 0 0.00 0.00 0.00 0.00 0.00 0.358 0.251 0.251 2.615 7.044 -0.971 0.00
blue_cone 0.00 0 0.00 0.00 0.00 0.00 0.00 0.358 0.251 0.251 5.087 3.614 -0.971 0.00
yellow_cone 0.00 0 0.00 0.00 0.00 0.00 0.00 0.358 0.251 0.251 7.426 5.614 -0.971 0.00
blue_cone 0.00 0 0.00 0.00 0.00 0.00 0.00 0.358 0.251 0.251 19.802 -12.408 -0.971 0.00
blue_cone 0.00 0 0.00 0.00 0.00 0.00 0.00 0.358 0.251 0.251 17.101 -9.431 -0.971 0.00
blue_cone 0.00 0 0.00 0.00 0.00 0.00 0.00 0.358 0.251 0.251 8.186 0.447 -0.971 0.00
blue_cone 0.00 0 0.00 0.00 0.00 0.00 0.00 0.358 0.251 0.251 13.914 -6.621 -0.971 0.00
blue_cone 0.00 0 0.00 0.00 0.00 0.00 0.00 0.358 0.251 0.251 11.086 -3.063 -0.971 0.00
blue_cone 0.00 0 0.00 0.00 0.00 0.00 0.00 0.358 0.251 0.251 22.300 -16.112 -0.971 0.00
yellow_cone 0.00 0 0.00 0.00 0.00 0.00 0.00 0.358 0.251 0.251 19.406 -7.615 -0.971 0.00
yellow_cone 0.00 0 0.00 0.00 0.00 0.00 0.00 0.358 0.251 0.251 24.746 -14.205 -0.971 0.00
yellow_cone 0.00 0 0.00 0.00 0.00 0.00 0.00 0.358 0.251 0.251 10.228 2.439 -0.971 0.00
yellow_cone 0.00 0 0.00 0.00 0.00 0.00 0.00 0.358 0.251 0.251 13.294 -1.184 -0.971 0.00
yellow_cone 0.00 0 0.00 0.00 0.00 0.00 0.00 0.358 0.251 0.251 21.998 -10.708 -0.971 0.00
yellow_cone 0.00 0 0.00 0.00 0.00 0.00 0.00 0.358 0.251 0.251 16.284 -4.529 -0.971 0.00
yellow_cone 0.00 0 944.418 878.673 1006.975 949.848 0.00 0.00 0.00 0.00 0.00 0.00 0.00
yellow_cone 0.00 0 602.002 848.901 655.422 905.708 0.00 0.00 0.00 0.00 0.00 0.00 0.00
orange_cone 0.00 0 1188.119 832.901 1222.999 874.141 0.00 0.00 0.00 0.00 0.00 0.00 0.00
orange_cone 0.00 0 1512.814 853.767 1556.393 901.286 0.00 0.00 0.00 0.00 0.00 0.00 0.00
orange_cone 0.00 0 1754.555 810.826 1778.867 837.990 0.00 0.00 0.00 0.00 0.00 0.00 0.00
orange_cone 0.00 0 1518.239 819.669 1546.325 852.480 0.00 0.00 0.00 0.00 0.00 0.00 0.00
