yellow_cone 0.00 0 0.00 0.00 0.00 0.00 0.00 0.358 0.251 0.251 9.227 16.392 -0.971 0.00
blue_cone 0.00 0 0.00 0.00 0.00 0.00 0.00 0.358 0.251 0.251 17.299 34.404 -0.971 0.00
blue_cone 0.00 0 0.00 0.00 0.00 0.00 0.00 0.358 0.251 0.251 12.715 22.877 -0.971 0.00
blue_cone 0.00 0 0.00 0.00 0.00 0.00 0.00 0.358 0.251 0.251 20.493 33.609 -0.971 0.00
yellow_cone 0.00 0 0.00 0.00 0.00 0.00 0.00 0.358 0.251 0.251 12.856 19.304 -0.971 0.00
blue_cone 0.00 0 0.00 0.00 0.00 0.00 0.00 0.358 0.251 0.251 15.289 21.375 -0.971 0.00
blue_cone 0.00 0 0.00 0.00 0.00 0.00 0.00 0.358 0.251 0.251 26.030 27.337 -0.971 0.00
yellow_cone 0.00 0 0.00 0.00 0.00 0.00 0.00 0.358 0.251 0.251 30.800 24.939 -0.971 0.00
blue_cone 0.00 0 0.00 0.00 0.00 0.00 0.00 0.358 0.251 0.251 28.397 23.383 -0.971 0.00
blue_cone 0.00 0 0.00 0.00 0.00 0.00 0.00 0.358 0.251 0.251 30.400 19.660 -0.971 0.00
yellow_cone 0.00 0 0.00 0.00 0.00 0.00 0.00 0.358 0.251 0.251 32.980 21.338 -0.971 0.00
blue_cone 0.00 0 0.00 0.00 0.00 0.00 0.00 0.358 0.251 0.251 23.539 31.177 -0.971 0.00
yellow_cone 0.00 0 0.00 0.00 0.00 0.00 0.00 0.358 0.251 0.251 10.207 19.117 -0.971 0.00
blue_cone 0.00 0 0.00 0.00 0.00 0.00 0.00 0.358 0.251 0.251 13.337 34.986 -0.971 0.00
blue_cone 0.00 0 0.00 0.00 0.00 0.00 0.00 0.358 0.251 0.251 6.295 17.152 -0.971 0.00
blue_cone 0.00 0 0.00 0.00 0.00 0.00 0.00 0.358 0.251 0.251 7.617 20.939 -0.971 0.00
blue_cone 0.00 0 0.00 0.00 0.00 0.00 0.00 0.358 0.251 0.251 10.268 22.620 -0.971 0.00
blue_cone 0.00 0 0.00 0.00 0.00 0.00 0.00 0.358 0.251 0.251 9.800 35.108 -0.971 0.00
yellow_cone 0.00 0 0.00 0.00 0.00 0.00 0.00 0.358 0.251 0.251 1.826 -1.716 -0.971 0.00
blue_cone 0.00 0 0.00 0.00 0.00 0.00 0.00 0.358 0.251 0.251 3.909 2.347 -0.971 0.00
yellow_cone 0.00 0 0.00 0.00 0.00 0.00 0.00 0.358 0.251 0.251 6.008 -0.430 -0.971 0.00
blue_cone 0.00 0 0.00 0.00 0.00 0.00 0.00 0.358 0.251 0.251 5.891 4.420 -0.971 0.00
yellow_cone 0.00 0 0.00 0.00 0.00 0.00 0.00 0.358 0.251 0.251 8.764 2.863 -0.971 0.00
blue_cone 0.00 0 0.00 0.00 0.00 0.00 0.00 0.358 0.251 0.251 6.828 8.026 -0.971 0.00
yellow_cone 0.00 0 0.00 0.00 0.00 0.00 0.00 0.358 0.251 0.251 9.880 7.366 -0.971 0.00
yellow_cone 0.00 0 0.00 0.00 0.00 0.00 0.00 0.358 0.251 0.251 9.273 12.363 -0.971 0.00
blue_cone 0.00 0 0.00 0.00 0.00 0.00 0.00 0.358 0.251 0.251 6.049 12.219 -0.971 0.00
blue_cone 0.00 0 0.00 0.00 0.00 0.00 0.00 0.358 0.251 0.251 18.702 13.711 -0.971 0.00
blue_cone 0.00 0 0.00 0.00 0.00 0.00 0.00 0.358 0.251 0.251 17.547 0.553 -0.971 0.00
blue_cone 0.00 0 0.00 0.00 0.00 0.00 0.00 0.358 0.251 0.251 10.170 -14.898 -0.971 0.00
blue_cone 0.00 0 0.00 0.00 0.00 0.00 0.00 0.358 0.251 0.251 19.138 9.470 -0.971 0.00
blue_cone 0.00 0 0.00 0.00 0.00 0.00 0.00 0.358 0.251 0.251 18.892 4.889 -0.971 0.00
blue_cone 0.00 0 0.00 0.00 0.00 0.00 0.00 0.358 0.251 0.251 10.400 -17.917 -0.971 0.00
blue_cone 0.00 0 0.00 0.00 0.00 0.00 0.00 0.358 0.251 0.251 10.693 -22.046 -0.971 0.00
blue_cone 0.00 0 0.00 0.00 0.00 0.00 0.00 0.358 0.251 0.251 11.347 -25.718 -0.971 0.00
blue_cone 0.00 0 0.00 0.00 0.00 0.00 0.00 0.358 0.251 0.251 11.189 -11.146 -0.971 0.00
blue_cone 0.00 0 0.00 0.00 0.00 0.00 0.00 0.358 0.251 0.251 15.533 -3.617 -0.971 0.00
blue_cone 0.00 0 0.00 0.00 0.00 0.00 0.00 0.358 0.251 0.251 13.454 -7.523 -0.971 0.00
blue_cone 0.00 0 0.00 0.00 0.00 0.00 0.00 0.358 0.251 0.251 33.058 16.115 -0.971 0.00
blue_cone 0.00 0 0.00 0.00 0.00 0.00 0.00 0.358 0.251 0.251 37.815 8.360 -0.971 0.00
blue_cone 0.00 0 0.00 0.00 0.00 0.00 0.00 0.358 0.251 0.251 35.475 12.257 -0.971 0.00
yellow_cone 0.00 0 0.00 0.00 0.00 0.00 0.00 0.358 0.251 0.251 35.343 17.825 -0.971 0.00
yellow_cone 0.00 0 0.00 0.00 0.00 0.00 0.00 0.358 0.251 0.251 14.934 16.408 -0.971 0.00
yellow_cone 0.00 0 0.00 0.00 0.00 0.00 0.00 0.358 0.251 0.251 10.778 -6.142 -0.971 0.00
yellow_cone 0.00 0 0.00 0.00 0.00 0.00 0.00 0.358 0.251 0.251 7.885 -22.325 -0.971 0.00
yellow_cone 0.00 0 0.00 0.00 0.00 0.00 0.00 0.358 0.251 0.251 13.075 -2.111 -0.971 0.00
yellow_cone 0.00 0 0.00 0.00 0.00 0.00 0.00 0.358 0.251 0.251 15.475 13.287 -0.971 0.00
yellow_cone 0.00 0 0.00 0.00 0.00 0.00 0.00 0.358 0.251 0.251 14.733 1.699 -0.971 0.00
yellow_cone 0.00 0 0.00 0.00 0.00 0.00 0.00 0.358 0.251 0.251 7.296 -18.180 -0.971 0.00
yellow_cone 0.00 0 0.00 0.00 0.00 0.00 0.00 0.358 0.251 0.251 8.534 -10.153 -0.971 0.00
yellow_cone 0.00 0 0.00 0.00 0.00 0.00 0.00 0.358 0.251 0.251 7.301 -14.363 -0.971 0.00
yellow_cone 0.00 0 0.00 0.00 0.00 0.00 0.00 0.358 0.251 0.251 16.046 9.704 -0.971 0.00
yellow_cone 0.00 0 0.00 0.00 0.00 0.00 0.00 0.358 0.251 0.251 16.035 5.669 -0.971 0.00
blue_cone 0.00 0 0.147 1020.671 96.355 1165.019 0.00 0.00 0.00 0.00 0.00 0.00 0.00
yellow_cone 0.00 0 1183.927 934.293 1276.507 1034.949 0.00 0.00 0.00 0.00 0.00 0.00 0.00
yellow_cone 0.00 0 478.196 865.346 539.497 930.242 0.00 0.00 0.00 0.00 0.00 0.00 0.00
yellow_cone 0.00 0 1371.860 828.757 1410.996 870.604 0.00 0.00 0.00 0.00 0.00 0.00 0.00
blue_cone 0.00 0 406.337 797.586 432.319 826.156 0.00 0.00 0.00 0.00 0.00 0.00 0.00
yellow_cone 0.00 0 875.314 816.273 910.506 853.528 0.00 0.00 0.00 0.00 0.00 0.00 0.00
blue_cone 0.00 0 1025.138 803.428 1052.125 832.874 0.00 0.00 0.00 0.00 0.00 0.00 0.00
blue_cone 0.00 0 1498.698 816.467 1528.084 848.776 0.00 0.00 0.00 0.00 0.00 0.00 0.00
yellow_cone 0.00 0 452.560 805.213 482.893 838.748 0.00 0.00 0.00 0.00 0.00 0.00 0.00
blue_cone 0.00 0 616.326 796.511 639.682 822.309 0.00 0.00 0.00 0.00 0.00 0.00 0.00
blue_cone 0.00 0 232.249 795.056 255.375 819.986 0.00 0.00 0.00 0.00 0.00 0.00 0.00
yellow_cone 0.00 0 39.242 803.259 68.957 834.916 0.00 0.00 0.00 0.00 0.00 0.00 0.00
blue_cone 0.00 0 2013.362 777.647 2029.271 794.070 0.00 0.00 0.00 0.00 0.00 0.00 0.00
blue_cone 0.00 0 1824.629 772.440 1839.471 788.976 0.00 0.00 0.00 0.00 0.00 0.00 0.00
yellow_cone 0.00 0 184.793 766.460 198.701 782.824 0.00 0.00 0.00 0.00 0.00 0.00 0.00
yellow_cone 0.00 0 154.894 762.696 168.928 779.627 0.00 0.00 0.00 0.00 0.00 0.00 0.00
