yellow_cone 0.00 0 0.00 0.00 0.00 0.00 0.00 0.358 0.251 0.251 6.697 8.118 -0.971 0.00
blue_cone 0.00 0 0.00 0.00 0.00 0.00 0.00 0.358 0.251 0.251 4.289 6.570 -0.971 0.00
blue_cone 0.00 0 0.00 0.00 0.00 0.00 0.00 0.358 0.251 0.251 6.281 2.841 -0.971 0.00
yellow_cone 0.00 0 0.00 0.00 0.00 0.00 0.00 0.358 0.251 0.251 8.866 4.510 -0.971 0.00
yellow_cone 0.00 0 0.00 0.00 0.00 0.00 0.00 0.358 0.251 0.251 4.412 11.706 -0.971 0.00
blue_cone 0.00 0 0.00 0.00 0.00 0.00 0.00 0.358 0.251 0.251 18.723 -15.003 -0.971 0.00
blue_cone 0.00 0 0.00 0.00 0.00 0.00 0.00 0.358 0.251 0.251 16.445 -11.692 -0.971 0.00
blue_cone 0.00 0 0.00 0.00 0.00 0.00 0.00 0.358 0.251 0.251 8.928 -0.712 -0.971 0.00
blue_cone 0.00 0 0.00 0.00 0.00 0.00 0.00 0.358 0.251 0.251 13.661 -8.482 -0.971 0.00
blue_cone 0.00 0 0.00 0.00 0.00 0.00 0.00 0.358 0.251 0.251 11.334 -4.578 -0.971 0.00
blue_cone 0.00 0 0.00 0.00 0.00 0.00 0.00 0.358 0.251 0.251 20.705 -19.008 -0.971 0.00
yellow_cone 0.00 0 0.00 0.00 0.00 0.00 0.00 0.358 0.251 0.251 18.971 -10.200 -0.971 0.00
yellow_cone 0.00 0 0.00 0.00 0.00 0.00 0.00 0.358 0.251 0.251 23.384 -17.445 -0.971 0.00
yellow_cone 0.00 0 0.00 0.00 0.00 0.00 0.00 0.358 0.251 0.251 11.218 0.990 -0.971 0.00
yellow_cone 0.00 0 0.00 0.00 0.00 0.00 0.00 0.358 0.251 0.251 13.773 -3.011 -0.971 0.00
yellow_cone 0.00 0 0.00 0.00 0.00 0.00 0.00 0.358 0.251 0.251 21.127 -13.612 -0.971 0.00
yellow_cone 0.00 0 0.00 0.00 0.00 0.00 0.00 0.358 0.251 0.251 16.289 -6.724 -0.971 0.00
orange_cone 0.00 0 217.177 926.081 292.321 1010.113 0.00 0.00 0.00 0.00 0.00 0.00 0.00
yellow_cone 0.00 0 1187.560 872.517 1247.471 938.600 0.00 0.00 0.00 0.00 0.00 0.00 0.00
yellow_cone 0.00 0 870.117 846.016 917.735 897.212 0.00 0.00 0.00 0.00 0.00 0.00 0.00
orange_cone 0.00 0 1418.553 834.543 1452.678 873.415 0.00 0.00 0.00 0.00 0.00 0.00 0.00
orange_cone 0.00 0 1733.657 854.774 1776.012 900.166 0.00 0.00 0.00 0.00 0.00 0.00 0.00
orange_cone 0.00 0 126.702 871.129 176.453 928.645 0.00 0.00 0.00 0.00 0.00 0.00 0.00
large_orange_cone 0.00 0 1998.607 814.333 2023.861 843.723 0.00 0.00 0.00 0.00 0.00 0.00 0.00
orange_cone 0.00 0 1750.017 823.235 1777.703 855.928 0.00 0.00 0.00 0.00 0.00 0.00 0.00
