yellow_cone 0.00 0 0.00 0.00 0.00 0.00 0.00 0.358 0.251 0.251 13.199 21.893 -0.971 0.00
blue_cone 0.00 0 0.00 0.00 0.00 0.00 0.00 0.358 0.251 0.251 24.701 5.852 -0.971 0.00
yellow_cone 0.00 0 0.00 0.00 0.00 0.00 0.00 0.358 0.251 0.251 24.076 1.066 -0.971 0.00
blue_cone 0.00 0 0.00 0.00 0.00 0.00 0.00 0.358 0.251 0.251 17.047 15.615 -0.971 0.00
blue_cone 0.00 0 0.00 0.00 0.00 0.00 0.00 0.358 0.251 0.251 22.406 3.492 -0.971 0.00
yellow_cone 0.00 0 0.00 0.00 0.00 0.00 0.00 0.358 0.251 0.251 13.888 17.291 -0.971 0.00
blue_cone 0.00 0 0.00 0.00 0.00 0.00 0.00 0.358 0.251 0.251 14.454 14.146 -0.971 0.00
yellow_cone 0.00 0 0.00 0.00 0.00 0.00 0.00 0.358 0.251 0.251 17.776 -0.773 -0.971 0.00
blue_cone 0.00 0 0.00 0.00 0.00 0.00 0.00 0.358 0.251 0.251 14.200 1.864 -0.971 0.00
yellow_cone 0.00 0 0.00 0.00 0.00 0.00 0.00 0.358 0.251 0.251 9.727 -1.051 -0.971 0.00
blue_cone 0.00 0 0.00 0.00 0.00 0.00 0.00 0.358 0.251 0.251 9.592 1.809 -0.971 0.00
blue_cone 0.00 0 0.00 0.00 0.00 0.00 0.00 0.358 0.251 0.251 5.367 1.952 -0.971 0.00
yellow_cone 0.00 0 0.00 0.00 0.00 0.00 0.00 0.358 0.251 0.251 5.518 -1.122 -0.971 0.00
blue_cone 0.00 0 0.00 0.00 0.00 0.00 0.00 0.358 0.251 0.251 18.772 2.084 -0.971 0.00
yellow_cone 0.00 0 0.00 0.00 0.00 0.00 0.00 0.358 0.251 0.251 15.061 19.674 -0.971 0.00
blue_cone 0.00 0 0.00 0.00 0.00 0.00 0.00 0.358 0.251 0.251 27.198 8.983 -0.971 0.00
yellow_cone 0.00 0 0.00 0.00 0.00 0.00 0.00 0.358 0.251 0.251 13.977 -0.869 -0.971 0.00
yellow_cone 0.00 0 0.00 0.00 0.00 0.00 0.00 0.358 0.251 0.251 21.082 -0.598 -0.971 0.00
blue_cone 0.00 0 0.00 0.00 0.00 0.00 0.00 0.358 0.251 0.251 15.331 24.044 -0.971 0.00
blue_cone 0.00 0 0.00 0.00 0.00 0.00 0.00 0.358 0.251 0.251 17.939 20.995 -0.971 0.00
yellow_cone 0.00 0 0.00 0.00 0.00 0.00 0.00 0.358 0.251 0.251 26.951 3.638 -0.971 0.00
blue_cone 0.00 0 0.00 0.00 0.00 0.00 0.00 0.358 0.251 0.251 18.057 17.858 -0.971 0.00
yellow_cone 0.00 0 0.00 0.00 0.00 0.00 0.00 0.358 0.251 0.251 31.585 10.530 -0.971 0.00
yellow_cone 0.00 0 0.00 0.00 0.00 0.00 0.00 0.358 0.251 0.251 29.337 7.172 -0.971 0.00
blue_cone 0.00 0 0.00 0.00 0.00 0.00 0.00 0.358 0.251 0.251 30.594 15.513 -0.971 0.00
blue_cone 0.00 0 0.00 0.00 0.00 0.00 0.00 0.358 0.251 0.251 29.083 11.978 -0.971 0.00
blue_cone 0.00 0 0.00 0.00 0.00 0.00 0.00 0.358 0.251 0.251 31.610 18.778 -0.971 0.00
yellow_cone 0.00 0 0.00 0.00 0.00 0.00 0.00 0.358 0.251 0.251 33.333 14.477 -0.971 0.00
yellow_cone 0.00 0 0.00 0.00 0.00 0.00 0.00 0.358 0.251 0.251 34.585 18.771 -0.971 0.00
blue_cone 0.00 0 0.00 0.00 0.00 0.00 0.00 0.358 0.251 0.251 31.900 23.435 -0.971 0.00
yellow_cone 0.00 0 0.00 0.00 0.00 0.00 0.00 0.358 0.251 0.251 9.694 23.880 -0.971 0.00
blue_cone 0.00 0 0.00 0.00 0.00 0.00 0.00 0.358 0.251 0.251 11.193 26.739 -0.971 0.00
blue_cone 0.00 0 0.00 0.00 0.00 0.00 0.00 0.358 0.251 0.251 6.114 15.054 -0.971 0.00
yellow_cone 0.00 0 0.00 0.00 0.00 0.00 0.00 0.358 0.251 0.251 10.341 16.953 -0.971 0.00
yellow_cone 0.00 0 0.00 0.00 0.00 0.00 0.00 0.358 0.251 0.251 7.371 18.056 -0.971 0.00
orange_cone 0.00 0 1380.657 950.253 1463.773 1050.796 0.00 0.00 0.00 0.00 0.00 0.00 0.00
orange_cone 0.00 0 364.914 945.969 455.770 1049.598 0.00 0.00 0.00 0.00 0.00 0.00 0.00
orange_cone 0.00 0 694.539 856.135 743.855 912.369 0.00 0.00 0.00 0.00 0.00 0.00 0.00
orange_cone 0.00 0 1225.975 858.363 1278.318 913.756 0.00 0.00 0.00 0.00 0.00 0.00 0.00
orange_cone 0.00 0 1152.460 820.657 1186.298 859.544 0.00 0.00 0.00 0.00 0.00 0.00 0.00
orange_cone 0.00 0 1122.369 803.333 1147.721 832.205 0.00 0.00 0.00 0.00 0.00 0.00 0.00
blue_cone 0.00 0 180.307 770.142 195.636 788.145 0.00 0.00 0.00 0.00 0.00 0.00 0.00
blue_cone 0.00 0 466.704 774.294 483.808 796.182 0.00 0.00 0.00 0.00 0.00 0.00 0.00
blue_cone 0.00 0 838.909 797.247 863.189 826.614 0.00 0.00 0.00 0.00 0.00 0.00 0.00
yellow_cone 0.00 0 130.805 765.224 145.095 781.333 0.00 0.00 0.00 0.00 0.00 0.00 0.00
blue_cone 0.00 0 623.809 778.903 640.867 803.233 0.00 0.00 0.00 0.00 0.00 0.00 0.00
blue_cone 0.00 0 331.421 774.104 348.038 792.430 0.00 0.00 0.00 0.00 0.00 0.00 0.00
blue_cone 0.00 0 761.732 787.910 782.889 811.585 0.00 0.00 0.00 0.00 0.00 0.00 0.00
yellow_cone 0.00 0 1095.998 792.997 1116.961 817.281 0.00 0.00 0.00 0.00 0.00 0.00 0.00
orange_cone 0.00 0 800.289 817.852 832.759 856.722 0.00 0.00 0.00 0.00 0.00 0.00 0.00
yellow_cone 0.00 0 969.257 785.942 987.323 806.672 0.00 0.00 0.00 0.00 0.00 0.00 0.00
yellow_cone 0.00 0 804.672 781.784 821.250 798.938 0.00 0.00 0.00 0.00 0.00 0.00 0.00
