yellow_cone 0.00 0 0.00 0.00 0.00 0.00 0.00 0.358 0.251 0.251 3.201 -1.367 -0.971 0.00
blue_cone 0.00 0 0.00 0.00 0.00 0.00 0.00 0.358 0.251 0.251 6.054 3.151 -0.971 0.00
blue_cone 0.00 0 0.00 0.00 0.00 0.00 0.00 0.358 0.251 0.251 2.027 1.281 -0.971 0.00
yellow_cone 0.00 0 0.00 0.00 0.00 0.00 0.00 0.358 0.251 0.251 7.431 0.208 -0.971 0.00
blue_cone 0.00 0 0.00 0.00 0.00 0.00 0.00 0.358 0.251 0.251 9.331 4.836 -0.971 0.00
blue_cone 0.00 0 0.00 0.00 0.00 0.00 0.00 0.358 0.251 0.251 12.095 6.686 -0.971 0.00
blue_cone 0.00 0 0.00 0.00 0.00 0.00 0.00 0.358 0.251 0.251 14.275 9.267 -0.971 0.00
blue_cone 0.00 0 0.00 0.00 0.00 0.00 0.00 0.358 0.251 0.251 14.559 13.252 -0.971 0.00
yellow_cone 0.00 0 0.00 0.00 0.00 0.00 0.00 0.358 0.251 0.251 11.427 2.218 -0.971 0.00
yellow_cone 0.00 0 0.00 0.00 0.00 0.00 0.00 0.358 0.251 0.251 15.040 5.055 -0.971 0.00
yellow_cone 0.00 0 0.00 0.00 0.00 0.00 0.00 0.358 0.251 0.251 17.285 9.172 -0.971 0.00
blue_cone 0.00 0 0.00 0.00 0.00 0.00 0.00 0.358 0.251 0.251 13.848 17.326 -0.971 0.00
yellow_cone 0.00 0 0.00 0.00 0.00 0.00 0.00 0.358 0.251 0.251 17.472 13.440 -0.971 0.00
yellow_cone 0.00 0 0.00 0.00 0.00 0.00 0.00 0.358 0.251 0.251 16.613 17.889 -0.971 0.00
blue_cone 0.00 0 0.00 0.00 0.00 0.00 0.00 0.358 0.251 0.251 12.435 20.944 -0.971 0.00
yellow_cone 0.00 0 0.00 0.00 0.00 0.00 0.00 0.358 0.251 0.251 14.989 22.405 -0.971 0.00
blue_cone 0.00 0 0.00 0.00 0.00 0.00 0.00 0.358 0.251 0.251 10.446 22.876 -0.971 0.00
yellow_cone 0.00 0 0.00 0.00 0.00 0.00 0.00 0.358 0.251 0.251 12.276 25.839 -0.971 0.00
blue_cone 0.00 0 0.00 0.00 0.00 0.00 0.00 0.358 0.251 0.251 7.796 23.973 -0.971 0.00
yellow_cone 0.00 0 0.00 0.00 0.00 0.00 0.00 0.358 0.251 0.251 8.208 27.215 -0.971 0.00
blue_cone 0.00 0 0.00 0.00 0.00 0.00 0.00 0.358 0.251 0.251 11.798 35.871 -0.971 0.00
blue_cone 0.00 0 0.00 0.00 0.00 0.00 0.00 0.358 0.251 0.251 16.192 35.347 -0.971 0.00
yellow_cone 0.00 0 0.00 0.00 0.00 0.00 0.00 0.358 0.251 0.251 15.873 32.353 -0.971 0.00
yellow_cone 0.00 0 0.00 0.00 0.00 0.00 0.00 0.358 0.251 0.251 11.284 33.035 -0.971 0.00
yellow_cone 0.00 0 0.00 0.00 0.00 0.00 0.00 0.358 0.251 0.251 20.424 31.713 -0.971 0.00
yellow_cone 0.00 0 1819.059 1111.806 1984.805 1307.644 0.00 0.00 0.00 0.00 0.00 0.00 0.00
blue_cone 0.00 0 145.565 925.177 225.354 1015.445 0.00 0.00 0.00 0.00 0.00 0.00 0.00
yellow_cone 0.00 0 1010.535 902.143 1082.509 980.636 0.00 0.00 0.00 0.00 0.00 0.00 0.00
blue_cone 0.00 0 135.606 864.847 189.320 921.098 0.00 0.00 0.00 0.00 0.00 0.00 0.00
blue_cone 0.00 0 0.000 1254.690 73.357 1528.692 0.00 0.00 0.00 0.00 0.00 0.00 0.00
yellow_cone 0.00 0 703.929 849.494 748.192 894.109 0.00 0.00 0.00 0.00 0.00 0.00 0.00
blue_cone 0.00 0 97.594 833.139 136.391 875.684 0.00 0.00 0.00 0.00 0.00 0.00 0.00
yellow_cone 0.00 0 472.882 818.435 503.809 852.652 0.00 0.00 0.00 0.00 0.00 0.00 0.00
yellow_cone 0.00 0 145.345 804.738 170.283 834.969 0.00 0.00 0.00 0.00 0.00 0.00 0.00
