yellow_cone 0.00 0 0.00 0.00 0.00 0.00 0.00 0.358 0.251 0.251 4.788 8.879 -0.971 0.00
blue_cone 0.00 0 0.00 0.00 0.00 0.00 0.00 0.358 0.251 0.251 2.609 7.022 -0.971 0.00
blue_cone 0.00 0 0.00 0.00 0.00 0.00 0.00 0.358 0.251 0.251 5.084 3.594 -0.971 0.00
yellow_cone 0.00 0 0.00 0.00 0.00 0.00 0.00 0.358 0.251 0.251 7.422 5.596 -0.971 0.00
blue_cone 0.00 0 0.00 0.00 0.00 0.00 0.00 0.358 0.251 0.251 19.809 -12.419 -0.971 0.00
blue_cone 0.00 0 0.00 0.00 0.00 0.00 0.00 0.358 0.251 0.251 17.107 -9.443 -0.971 0.00
blue_cone 0.00 0 0.00 0.00 0.00 0.00 0.00 0.358 0.251 0.251 8.184 0.429 -0.971 0.00
blue_cone 0.00 0 0.00 0.00 0.00 0.00 0.00 0.358 0.251 0.251 13.917 -6.635 -0.971 0.00
blue_cone 0.00 0 0.00 0.00 0.00 0.00 0.00 0.358 0.251 0.251 11.087 -3.080 -0.971 0.00
blue_cone 0.00 0 0.00 0.00 0.00 0.00 0.00 0.358 0.251 0.251 22.310 -16.121 -0.971 0.00
yellow_cone 0.00 0 0.00 0.00 0.00 0.00 0.00 0.358 0.251 0.251 19.410 -7.625 -0.971 0.00
yellow_cone 0.00 0 0.00 0.00 0.00 0.00 0.00 0.358 0.251 0.251 24.755 -14.213 -0.971 0.00
yellow_cone 0.00 0 0.00 0.00 0.00 0.00 0.00 0.358 0.251 0.251 10.225 2.423 -0.971 0.00
yellow_cone 0.00 0 0.00 0.00 0.00 0.00 0.00 0.358 0.251 0.251 13.294 -1.199 -0.971 0.00
yellow_cone 0.00 0 0.00 0.00 0.00 0.00 0.00 0.358 0.251 0.251 22.004 -10.718 -0.971 0.00
yellow_cone 0.00 0 0.00 0.00 0.00 0.00 0.00 0.358 0.251 0.251 16.286 -4.541 -0.971 0.00
yellow_cone 0.00 0 945.015 878.025 1006.282 949.532 0.00 0.00 0.00 0.00 0.00 0.00 0.00
yellow_cone 0.00 0 602.682 848.828 654.340 905.653 0.00 0.00 0.00 0.00 0.00 0.00 0.00
orange_cone 0.00 0 1188.817 833.174 1222.881 873.993 0.00 0.00 0.00 0.00 0.00 0.00 0.00
orange_cone 0.00 0 1513.773 853.948 1556.260 901.063 0.00 0.00 0.00 0.00 0.00 0.00 0.00
large_orange_cone 0.00 0 1845.261 832.358 1877.785 870.376 0.00 0.00 0.00 0.00 0.00 0.00 0.00
orange_cone 0.00 0 1519.058 820.564 1546.354 851.830 0.00 0.00 0.00 0.00 0.00 0.00 0.00
large_orange_cone 0.00 0 1754.566 811.003 1778.363 837.951 0.00 0.00 0.00 0.00 0.00 0.00 0.00
large_orange_cone 0.00 0 1897.011 803.223 1917.525 827.604 0.00 0.00 0.00 0.00 0.00 0.00 0.00
