yellow_cone 0.00 0 0.00 0.00 0.00 0.00 0.00 0.358 0.251 0.251 5.583 16.203 -0.971 0.00
blue_cone 0.00 0 0.00 0.00 0.00 0.00 0.00 0.358 0.251 0.251 4.692 13.395 -0.971 0.00
yellow_cone 0.00 0 0.00 0.00 0.00 0.00 0.00 0.358 0.251 0.251 10.900 12.358 -0.971 0.00
blue_cone 0.00 0 0.00 0.00 0.00 0.00 0.00 0.358 0.251 0.251 11.013 7.916 -0.971 0.00
yellow_cone 0.00 0 0.00 0.00 0.00 0.00 0.00 0.358 0.251 0.251 16.060 6.173 -0.971 0.00
blue_cone 0.00 0 0.00 0.00 0.00 0.00 0.00 0.358 0.251 0.251 13.885 4.312 -0.971 0.00
blue_cone 0.00 0 0.00 0.00 0.00 0.00 0.00 0.358 0.251 0.251 16.365 0.888 -0.971 0.00
yellow_cone 0.00 0 0.00 0.00 0.00 0.00 0.00 0.358 0.251 0.251 18.700 2.894 -0.971 0.00
blue_cone 0.00 0 0.00 0.00 0.00 0.00 0.00 0.358 0.251 0.251 8.034 11.390 -0.971 0.00
yellow_cone 0.00 0 0.00 0.00 0.00 0.00 0.00 0.358 0.251 0.251 13.308 9.417 -0.971 0.00
yellow_cone 0.00 0 0.00 0.00 0.00 0.00 0.00 0.358 0.251 0.251 8.734 14.860 -0.971 0.00
blue_cone 0.00 0 0.00 0.00 0.00 0.00 0.00 0.358 0.251 0.251 5.562 -6.564 -0.971 0.00
blue_cone 0.00 0 0.00 0.00 0.00 0.00 0.00 0.358 0.251 0.251 6.168 -19.759 -0.971 0.00
blue_cone 0.00 0 0.00 0.00 0.00 0.00 0.00 0.358 0.251 0.251 6.558 -10.709 -0.971 0.00
blue_cone 0.00 0 0.00 0.00 0.00 0.00 0.00 0.358 0.251 0.251 6.924 -15.282 -0.971 0.00
blue_cone 0.00 0 0.00 0.00 0.00 0.00 0.00 0.358 0.251 0.251 31.119 -15.098 -0.971 0.00
blue_cone 0.00 0 0.00 0.00 0.00 0.00 0.00 0.358 0.251 0.251 28.411 -12.127 -0.971 0.00
blue_cone 0.00 0 0.00 0.00 0.00 0.00 0.00 0.358 0.251 0.251 19.471 -2.272 -0.971 0.00
blue_cone 0.00 0 0.00 0.00 0.00 0.00 0.00 0.358 0.251 0.251 25.217 -9.325 -0.971 0.00
blue_cone 0.00 0 0.00 0.00 0.00 0.00 0.00 0.358 0.251 0.251 22.380 -5.775 -0.971 0.00
blue_cone 0.00 0 0.00 0.00 0.00 0.00 0.00 0.358 0.251 0.251 33.626 -18.796 -0.971 0.00
yellow_cone 0.00 0 0.00 0.00 0.00 0.00 0.00 0.358 0.251 0.251 30.712 -10.305 -0.971 0.00
yellow_cone 0.00 0 0.00 0.00 0.00 0.00 0.00 0.358 0.251 0.251 36.068 -16.883 -0.971 0.00
yellow_cone 0.00 0 0.00 0.00 0.00 0.00 0.00 0.358 0.251 0.251 21.509 -0.274 -0.971 0.00
yellow_cone 0.00 0 0.00 0.00 0.00 0.00 0.00 0.358 0.251 0.251 24.584 -3.890 -0.971 0.00
yellow_cone 0.00 0 0.00 0.00 0.00 0.00 0.00 0.358 0.251 0.251 33.311 -13.393 -0.971 0.00
yellow_cone 0.00 0 0.00 0.00 0.00 0.00 0.00 0.358 0.251 0.251 27.582 -7.227 -0.971 0.00
yellow_cone 0.00 0 0.00 0.00 0.00 0.00 0.00 0.358 0.251 0.251 1.469 -4.392 -0.971 0.00
yellow_cone 0.00 0 0.00 0.00 0.00 0.00 0.00 0.358 0.251 0.251 2.421 -7.413 -0.971 0.00
yellow_cone 0.00 0 0.00 0.00 0.00 0.00 0.00 0.358 0.251 0.251 3.463 -10.889 -0.971 0.00
yellow_cone 0.00 0 1253.836 800.272 1278.352 828.476 0.00 0.00 0.00 0.00 0.00 0.00 0.00
orange_cone 0.00 0 925.829 810.956 955.062 843.243 0.00 0.00 0.00 0.00 0.00 0.00 0.00
orange_cone 0.00 0 467.740 815.763 500.993 854.068 0.00 0.00 0.00 0.00 0.00 0.00 0.00
orange_cone 0.00 0 749.394 800.812 773.988 827.788 0.00 0.00 0.00 0.00 0.00 0.00 0.00
orange_cone 0.00 0 345.670 803.972 373.865 836.501 0.00 0.00 0.00 0.00 0.00 0.00 0.00
large_orange_cone 0.00 0 1688.528 792.752 1707.284 814.476 0.00 0.00 0.00 0.00 0.00 0.00 0.00
orange_cone 0.00 0 1825.189 791.990 1840.258 809.222 0.00 0.00 0.00 0.00 0.00 0.00 0.00
orange_cone 0.00 0 1968.306 783.778 1980.877 798.487 0.00 0.00 0.00 0.00 0.00 0.00 0.00
orange_cone 0.00 0 1928.733 790.026 1943.946 806.766 0.00 0.00 0.00 0.00 0.00 0.00 0.00
large_orange_cone 0.00 0 1663.610 786.986 1679.118 805.061 0.00 0.00 0.00 0.00 0.00 0.00 0.00
large_orange_cone 0.00 0 1506.802 787.310 1525.964 811.165 0.00 0.00 0.00 0.00 0.00 0.00 0.00
