yellow_cone 0.00 0 0.00 0.00 0.00 0.00 0.00 0.358 0.251 0.251 4.826 -1.274 -0.971 0.00
blue_cone 0.00 0 0.00 0.00 0.00 0.00 0.00 0.358 0.251 0.251 8.010 2.685 -0.971 0.00
blue_cone 0.00 0 0.00 0.00 0.00 0.00 0.00 0.358 0.251 0.251 4.330 1.574 -0.971 0.00
blue_cone 0.00 0 0.00 0.00 0.00 0.00 0.00 0.358 0.251 0.251 11.165 4.003 -0.971 0.00
yellow_cone 0.00 0 0.00 0.00 0.00 0.00 0.00 0.358 0.251 0.251 8.975 -0.080 -0.971 0.00
yellow_cone 0.00 0 0.00 0.00 0.00 0.00 0.00 0.358 0.251 0.251 13.070 1.718 -0.971 0.00
blue_cone 0.00 0 0.00 0.00 0.00 0.00 0.00 0.358 0.251 0.251 14.922 6.771 -0.971 0.00
yellow_cone 0.00 0 0.00 0.00 0.00 0.00 0.00 0.358 0.251 0.251 16.946 4.625 -0.971 0.00
blue_cone 0.00 0 0.00 0.00 0.00 0.00 0.00 0.358 0.251 0.251 17.869 10.091 -0.971 0.00
yellow_cone 0.00 0 0.00 0.00 0.00 0.00 0.00 0.358 0.251 0.251 19.932 7.954 -0.971 0.00
yellow_cone 0.00 0 0.00 0.00 0.00 0.00 0.00 0.358 0.251 0.251 23.368 11.654 -0.971 0.00
blue_cone 0.00 0 0.00 0.00 0.00 0.00 0.00 0.358 0.251 0.251 21.239 13.930 -0.971 0.00
blue_cone 0.00 0 0.00 0.00 0.00 0.00 0.00 0.358 0.251 0.251 22.823 16.733 -0.971 0.00
yellow_cone 0.00 0 0.00 0.00 0.00 0.00 0.00 0.358 0.251 0.251 25.225 14.687 -0.971 0.00
blue_cone 0.00 0 0.00 0.00 0.00 0.00 0.00 0.358 0.251 0.251 23.587 19.583 -0.971 0.00
yellow_cone 0.00 0 0.00 0.00 0.00 0.00 0.00 0.358 0.251 0.251 26.777 18.622 -0.971 0.00
yellow_cone 0.00 0 0.00 0.00 0.00 0.00 0.00 0.358 0.251 0.251 26.912 22.928 -0.971 0.00
blue_cone 0.00 0 0.00 0.00 0.00 0.00 0.00 0.358 0.251 0.251 23.053 26.624 -0.971 0.00
blue_cone 0.00 0 0.00 0.00 0.00 0.00 0.00 0.358 0.251 0.251 24.083 22.304 -0.971 0.00
yellow_cone 0.00 0 0.00 0.00 0.00 0.00 0.00 0.358 0.251 0.251 26.212 27.386 -0.971 0.00
blue_cone 0.00 0 0.00 0.00 0.00 0.00 0.00 0.358 0.251 0.251 22.055 30.171 -0.971 0.00
blue_cone 0.00 0 0.00 0.00 0.00 0.00 0.00 0.358 0.251 0.251 20.794 33.248 -0.971 0.00
blue_cone 0.00 0 0.00 0.00 0.00 0.00 0.00 0.358 0.251 0.251 14.850 36.971 -0.971 0.00
blue_cone 0.00 0 0.00 0.00 0.00 0.00 0.00 0.358 0.251 0.251 10.716 37.086 -0.971 0.00
blue_cone 0.00 0 347.522 1004.964 472.182 1137.250 0.00 0.00 0.00 0.00 0.00 0.00 0.00
yellow_cone 0.00 0 1481.054 988.069 1592.737 1106.773 0.00 0.00 0.00 0.00 0.00 0.00 0.00
blue_cone 0.00 0 433.488 878.185 492.845 945.510 0.00 0.00 0.00 0.00 0.00 0.00 0.00
blue_cone 0.00 0 391.954 837.389 435.702 885.751 0.00 0.00 0.00 0.00 0.00 0.00 0.00
yellow_cone 0.00 0 1055.742 870.108 1114.057 934.078 0.00 0.00 0.00 0.00 0.00 0.00 0.00
yellow_cone 0.00 0 809.059 827.172 847.326 869.401 0.00 0.00 0.00 0.00 0.00 0.00 0.00
blue_cone 0.00 0 236.935 807.365 266.551 841.849 0.00 0.00 0.00 0.00 0.00 0.00 0.00
blue_cone 0.00 0 79.307 795.028 105.100 823.904 0.00 0.00 0.00 0.00 0.00 0.00 0.00
yellow_cone 0.00 0 560.945 801.978 587.944 833.022 0.00 0.00 0.00 0.00 0.00 0.00 0.00
yellow_cone 0.00 0 357.104 792.472 378.516 817.190 0.00 0.00 0.00 0.00 0.00 0.00 0.00
yellow_cone 0.00 0 186.618 780.098 205.717 803.925 0.00 0.00 0.00 0.00 0.00 0.00 0.00
yellow_cone 0.00 0 58.257 775.013 74.273 795.295 0.00 0.00 0.00 0.00 0.00 0.00 0.00
