yellow_cone 0.00 0 0.00 0.00 0.00 0.00 0.00 0.358 0.251 0.251 13.286 21.810 -0.971 0.00
blue_cone 0.00 0 0.00 0.00 0.00 0.00 0.00 0.358 0.251 0.251 24.652 5.673 -0.971 0.00
yellow_cone 0.00 0 0.00 0.00 0.00 0.00 0.00 0.358 0.251 0.251 23.987 0.892 -0.971 0.00
blue_cone 0.00 0 0.00 0.00 0.00 0.00 0.00 0.358 0.251 0.251 17.081 15.500 -0.971 0.00
blue_cone 0.00 0 0.00 0.00 0.00 0.00 0.00 0.358 0.251 0.251 22.337 3.333 -0.971 0.00
yellow_cone 0.00 0 0.00 0.00 0.00 0.00 0.00 0.358 0.251 0.251 13.936 17.203 -0.971 0.00
blue_cone 0.00 0 0.00 0.00 0.00 0.00 0.00 0.358 0.251 0.251 14.475 14.054 -0.971 0.00
yellow_cone 0.00 0 0.00 0.00 0.00 0.00 0.00 0.358 0.251 0.251 17.672 -0.893 -0.971 0.00
blue_cone 0.00 0 0.00 0.00 0.00 0.00 0.00 0.358 0.251 0.251 14.118 1.774 -0.971 0.00
yellow_cone 0.00 0 0.00 0.00 0.00 0.00 0.00 0.358 0.251 0.251 9.620 -1.103 -0.971 0.00
blue_cone 0.00 0 0.00 0.00 0.00 0.00 0.00 0.358 0.251 0.251 9.510 1.758 -0.971 0.00
blue_cone 0.00 0 0.00 0.00 0.00 0.00 0.00 0.358 0.251 0.251 5.286 1.936 -0.971 0.00
yellow_cone 0.00 0 0.00 0.00 0.00 0.00 0.00 0.358 0.251 0.251 5.411 -1.139 -0.971 0.00
blue_cone 0.00 0 0.00 0.00 0.00 0.00 0.00 0.358 0.251 0.251 18.691 1.955 -0.971 0.00
yellow_cone 0.00 0 0.00 0.00 0.00 0.00 0.00 0.358 0.251 0.251 15.129 19.576 -0.971 0.00
blue_cone 0.00 0 0.00 0.00 0.00 0.00 0.00 0.358 0.251 0.251 27.176 8.783 -0.971 0.00
yellow_cone 0.00 0 0.00 0.00 0.00 0.00 0.00 0.358 0.251 0.251 13.871 -0.957 -0.971 0.00
yellow_cone 0.00 0 0.00 0.00 0.00 0.00 0.00 0.358 0.251 0.251 20.979 -0.746 -0.971 0.00
blue_cone 0.00 0 0.00 0.00 0.00 0.00 0.00 0.358 0.251 0.251 15.436 23.944 -0.971 0.00
blue_cone 0.00 0 0.00 0.00 0.00 0.00 0.00 0.358 0.251 0.251 18.018 20.873 -0.971 0.00
yellow_cone 0.00 0 0.00 0.00 0.00 0.00 0.00 0.358 0.251 0.251 26.883 3.440 -0.971 0.00
blue_cone 0.00 0 0.00 0.00 0.00 0.00 0.00 0.358 0.251 0.251 18.109 17.735 -0.971 0.00
yellow_cone 0.00 0 0.00 0.00 0.00 0.00 0.00 0.358 0.251 0.251 31.576 10.293 -0.971 0.00
yellow_cone 0.00 0 0.00 0.00 0.00 0.00 0.00 0.358 0.251 0.251 29.299 6.954 -0.971 0.00
blue_cone 0.00 0 0.00 0.00 0.00 0.00 0.00 0.358 0.251 0.251 30.627 15.284 -0.971 0.00
blue_cone 0.00 0 0.00 0.00 0.00 0.00 0.00 0.358 0.251 0.251 29.086 11.762 -0.971 0.00
blue_cone 0.00 0 0.00 0.00 0.00 0.00 0.00 0.358 0.251 0.251 31.669 18.540 -0.971 0.00
yellow_cone 0.00 0 0.00 0.00 0.00 0.00 0.00 0.358 0.251 0.251 33.357 14.225 -0.971 0.00
yellow_cone 0.00 0 0.00 0.00 0.00 0.00 0.00 0.358 0.251 0.251 34.645 18.508 -0.971 0.00
blue_cone 0.00 0 0.00 0.00 0.00 0.00 0.00 0.358 0.251 0.251 32.000 23.195 -0.971 0.00
yellow_cone 0.00 0 0.00 0.00 0.00 0.00 0.00 0.358 0.251 0.251 9.798 23.828 -0.971 0.00
blue_cone 0.00 0 0.00 0.00 0.00 0.00 0.00 0.358 0.251 0.251 11.320 26.673 -0.971 0.00
blue_cone 0.00 0 0.00 0.00 0.00 0.00 0.00 0.358 0.251 0.251 6.143 15.032 -0.971 0.00
yellow_cone 0.00 0 0.00 0.00 0.00 0.00 0.00 0.358 0.251 0.251 10.386 16.895 -0.971 0.00
yellow_cone 0.00 0 0.00 0.00 0.00 0.00 0.00 0.358 0.251 0.251 7.426 18.023 -0.971 0.00
orange_cone 0.00 0 365.247 956.693 455.493 1061.793 0.00 0.00 0.00 0.00 0.00 0.00 0.00
orange_cone 0.00 0 1392.547 960.639 1476.177 1063.399 0.00 0.00 0.00 0.00 0.00 0.00 0.00
orange_cone 0.00 0 698.688 865.803 750.211 922.375 0.00 0.00 0.00 0.00 0.00 0.00 0.00
orange_cone 0.00 0 1234.804 866.972 1286.675 923.339 0.00 0.00 0.00 0.00 0.00 0.00 0.00
blue_cone 0.00 0 844.825 806.916 868.749 835.230 0.00 0.00 0.00 0.00 0.00 0.00 0.00
orange_cone 0.00 0 1128.930 811.408 1154.810 841.234 0.00 0.00 0.00 0.00 0.00 0.00 0.00
orange_cone 0.00 0 1159.135 829.324 1193.254 868.674 0.00 0.00 0.00 0.00 0.00 0.00 0.00
yellow_cone 0.00 0 1102.129 800.704 1124.822 825.705 0.00 0.00 0.00 0.00 0.00 0.00 0.00
blue_cone 0.00 0 768.213 796.312 788.085 819.990 0.00 0.00 0.00 0.00 0.00 0.00 0.00
blue_cone 0.00 0 336.152 782.658 351.845 800.837 0.00 0.00 0.00 0.00 0.00 0.00 0.00
yellow_cone 0.00 0 975.041 792.814 992.942 815.145 0.00 0.00 0.00 0.00 0.00 0.00 0.00
orange_cone 0.00 0 805.305 826.503 838.423 865.541 0.00 0.00 0.00 0.00 0.00 0.00 0.00
yellow_cone 0.00 0 310.887 775.526 323.340 792.093 0.00 0.00 0.00 0.00 0.00 0.00 0.00
blue_cone 0.00 0 472.261 783.753 489.298 804.844 0.00 0.00 0.00 0.00 0.00 0.00 0.00
