yellow_cone 0.00 0 0.00 0.00 0.00 0.00 0.00 0.358 0.251 0.251 10.308 21.237 -0.971 0.00
blue_cone 0.00 0 0.00 0.00 0.00 0.00 0.00 0.358 0.251 0.251 21.356 4.880 -0.971 0.00
yellow_cone 0.00 0 0.00 0.00 0.00 0.00 0.00 0.358 0.251 0.251 20.596 0.113 -0.971 0.00
blue_cone 0.00 0 0.00 0.00 0.00 0.00 0.00 0.358 0.251 0.251 13.979 14.853 -0.971 0.00
blue_cone 0.00 0 0.00 0.00 0.00 0.00 0.00 0.358 0.251 0.251 18.995 2.585 -0.971 0.00
yellow_cone 0.00 0 0.00 0.00 0.00 0.00 0.00 0.358 0.251 0.251 10.869 16.617 -0.971 0.00
blue_cone 0.00 0 0.00 0.00 0.00 0.00 0.00 0.358 0.251 0.251 11.345 13.458 -0.971 0.00
yellow_cone 0.00 0 0.00 0.00 0.00 0.00 0.00 0.358 0.251 0.251 14.248 -1.548 -0.971 0.00
blue_cone 0.00 0 0.00 0.00 0.00 0.00 0.00 0.358 0.251 0.251 10.747 1.188 -0.971 0.00
yellow_cone 0.00 0 0.00 0.00 0.00 0.00 0.00 0.358 0.251 0.251 6.193 -1.600 -0.971 0.00
blue_cone 0.00 0 0.00 0.00 0.00 0.00 0.00 0.358 0.251 0.251 6.139 1.262 -0.971 0.00
blue_cone 0.00 0 0.00 0.00 0.00 0.00 0.00 0.358 0.251 0.251 1.920 1.524 -0.971 0.00
yellow_cone 0.00 0 0.00 0.00 0.00 0.00 0.00 0.358 0.251 0.251 1.984 -1.554 -0.971 0.00
blue_cone 0.00 0 0.00 0.00 0.00 0.00 0.00 0.358 0.251 0.251 15.323 1.280 -0.971 0.00
yellow_cone 0.00 0 0.00 0.00 0.00 0.00 0.00 0.358 0.251 0.251 12.108 18.967 -0.971 0.00
blue_cone 0.00 0 0.00 0.00 0.00 0.00 0.00 0.358 0.251 0.251 23.940 7.939 -0.971 0.00
yellow_cone 0.00 0 0.00 0.00 0.00 0.00 0.00 0.358 0.251 0.251 10.447 -1.538 -0.971 0.00
yellow_cone 0.00 0 0.00 0.00 0.00 0.00 0.00 0.358 0.251 0.251 17.557 -1.467 -0.971 0.00
blue_cone 0.00 0 0.00 0.00 0.00 0.00 0.00 0.358 0.251 0.251 12.501 23.327 -0.971 0.00
blue_cone 0.00 0 0.00 0.00 0.00 0.00 0.00 0.358 0.251 0.251 15.021 20.207 -0.971 0.00
yellow_cone 0.00 0 0.00 0.00 0.00 0.00 0.00 0.358 0.251 0.251 23.542 2.603 -0.971 0.00
blue_cone 0.00 0 0.00 0.00 0.00 0.00 0.00 0.358 0.251 0.251 15.051 17.068 -0.971 0.00
yellow_cone 0.00 0 0.00 0.00 0.00 0.00 0.00 0.358 0.251 0.251 28.369 9.362 -0.971 0.00
yellow_cone 0.00 0 0.00 0.00 0.00 0.00 0.00 0.358 0.251 0.251 26.027 6.069 -0.971 0.00
blue_cone 0.00 0 0.00 0.00 0.00 0.00 0.00 0.358 0.251 0.251 27.518 14.371 -0.971 0.00
blue_cone 0.00 0 0.00 0.00 0.00 0.00 0.00 0.358 0.251 0.251 25.908 10.880 -0.971 0.00
blue_cone 0.00 0 0.00 0.00 0.00 0.00 0.00 0.358 0.251 0.251 28.624 17.606 -0.971 0.00
yellow_cone 0.00 0 0.00 0.00 0.00 0.00 0.00 0.358 0.251 0.251 30.227 13.259 -0.971 0.00
yellow_cone 0.00 0 0.00 0.00 0.00 0.00 0.00 0.358 0.251 0.251 31.599 17.516 -0.971 0.00
blue_cone 0.00 0 0.00 0.00 0.00 0.00 0.00 0.358 0.251 0.251 29.046 22.254 -0.971 0.00
yellow_cone 0.00 0 0.00 0.00 0.00 0.00 0.00 0.358 0.251 0.251 31.994 22.345 -0.971 0.00
blue_cone 0.00 0 0.00 0.00 0.00 0.00 0.00 0.358 0.251 0.251 28.517 26.661 -0.971 0.00
yellow_cone 0.00 0 0.00 0.00 0.00 0.00 0.00 0.358 0.251 0.251 6.861 23.322 -0.971 0.00
blue_cone 0.00 0 0.00 0.00 0.00 0.00 0.00 0.358 0.251 0.251 8.439 26.137 -0.971 0.00
yellow_cone 0.00 0 0.00 0.00 0.00 0.00 0.00 0.358 0.251 0.251 7.313 16.379 -0.971 0.00
orange_cone 0.00 0 661.325 929.401 733.643 1019.471 0.00 0.00 0.00 0.00 0.00 0.00 0.00
orange_cone 0.00 0 1481.909 936.201 1561.762 1024.583 0.00 0.00 0.00 0.00 0.00 0.00 0.00
orange_cone 0.00 0 833.347 852.537 878.262 903.082 0.00 0.00 0.00 0.00 0.00 0.00 0.00
orange_cone 0.00 0 1300.409 861.375 1345.950 912.650 0.00 0.00 0.00 0.00 0.00 0.00 0.00
blue_cone 0.00 0 884.777 821.201 913.984 855.283 0.00 0.00 0.00 0.00 0.00 0.00 0.00
blue_cone 0.00 0 794.564 805.474 816.639 833.529 0.00 0.00 0.00 0.00 0.00 0.00 0.00
orange_cone 0.00 0 1236.504 830.115 1267.790 867.752 0.00 0.00 0.00 0.00 0.00 0.00 0.00
blue_cone 0.00 0 463.504 787.720 482.428 811.035 0.00 0.00 0.00 0.00 0.00 0.00 0.00
yellow_cone 0.00 0 1192.157 814.190 1217.352 843.093 0.00 0.00 0.00 0.00 0.00 0.00 0.00
blue_cone 0.00 0 637.268 798.980 656.626 821.072 0.00 0.00 0.00 0.00 0.00 0.00 0.00
blue_cone 0.00 0 154.362 779.308 170.739 798.510 0.00 0.00 0.00 0.00 0.00 0.00 0.00
blue_cone 0.00 0 315.777 785.073 332.792 805.310 0.00 0.00 0.00 0.00 0.00 0.00 0.00
yellow_cone 0.00 0 643.385 784.908 658.460 802.250 0.00 0.00 0.00 0.00 0.00 0.00 0.00
yellow_cone 0.00 0 1036.882 802.485 1056.246 826.787 0.00 0.00 0.00 0.00 0.00 0.00 0.00
yellow_cone 0.00 0 111.771 774.393 126.170 792.262 0.00 0.00 0.00 0.00 0.00 0.00 0.00
yellow_cone 0.00 0 846.717 796.951 864.213 817.322 0.00 0.00 0.00 0.00 0.00 0.00 0.00
blue_cone 0.00 0 1.485 776.419 17.971 795.895 0.00 0.00 0.00 0.00 0.00 0.00 0.00
