blue_cone 0.00 0 0.00 0.00 0.00 0.00 0.00 0.358 0.251 0.251 2.310 1.411 -0.971 0.00
yellow_cone 0.00 0 0.00 0.00 0.00 0.00 0.00 0.358 0.251 0.251 1.983 -1.727 -0.971 0.00
blue_cone 0.00 0 0.00 0.00 0.00 0.00 0.00 0.358 0.251 0.251 5.091 2.395 -0.971 0.00
yellow_cone 0.00 0 0.00 0.00 0.00 0.00 0.00 0.358 0.251 0.251 6.105 -0.778 -0.971 0.00
yellow_cone 0.00 0 0.00 0.00 0.00 0.00 0.00 0.358 0.251 0.251 9.731 1.547 -0.971 0.00
blue_cone 0.00 0 0.00 0.00 0.00 0.00 0.00 0.358 0.251 0.251 10.593 6.821 -0.971 0.00
blue_cone 0.00 0 0.00 0.00 0.00 0.00 0.00 0.358 0.251 0.251 7.615 3.526 -0.971 0.00
yellow_cone 0.00 0 0.00 0.00 0.00 0.00 0.00 0.358 0.251 0.251 13.010 4.648 -0.971 0.00
blue_cone 0.00 0 0.00 0.00 0.00 0.00 0.00 0.358 0.251 0.251 12.952 9.651 -0.971 0.00
blue_cone 0.00 0 0.00 0.00 0.00 0.00 0.00 0.358 0.251 0.251 14.774 12.434 -0.971 0.00
blue_cone 0.00 0 0.00 0.00 0.00 0.00 0.00 0.358 0.251 0.251 15.773 15.661 -0.971 0.00
blue_cone 0.00 0 0.00 0.00 0.00 0.00 0.00 0.358 0.251 0.251 14.479 19.440 -0.971 0.00
yellow_cone 0.00 0 0.00 0.00 0.00 0.00 0.00 0.358 0.251 0.251 15.904 8.059 -0.971 0.00
yellow_cone 0.00 0 0.00 0.00 0.00 0.00 0.00 0.358 0.251 0.251 18.122 12.082 -0.971 0.00
yellow_cone 0.00 0 0.00 0.00 0.00 0.00 0.00 0.358 0.251 0.251 18.581 16.749 -0.971 0.00
blue_cone 0.00 0 0.00 0.00 0.00 0.00 0.00 0.358 0.251 0.251 12.233 22.913 -0.971 0.00
yellow_cone 0.00 0 0.00 0.00 0.00 0.00 0.00 0.358 0.251 0.251 17.087 20.751 -0.971 0.00
yellow_cone 0.00 0 0.00 0.00 0.00 0.00 0.00 0.358 0.251 0.251 14.558 24.512 -0.971 0.00
blue_cone 0.00 0 0.00 0.00 0.00 0.00 0.00 0.358 0.251 0.251 9.519 25.693 -0.971 0.00
yellow_cone 0.00 0 0.00 0.00 0.00 0.00 0.00 0.358 0.251 0.251 11.299 28.035 -0.971 0.00
blue_cone 0.00 0 0.152 1225.810 189.122 1489.787 0.00 0.00 0.00 0.00 0.00 0.00 0.00
blue_cone 0.00 0 239.910 955.315 332.275 1061.699 0.00 0.00 0.00 0.00 0.00 0.00 0.00
yellow_cone 0.00 0 1222.075 926.485 1310.642 1020.886 0.00 0.00 0.00 0.00 0.00 0.00 0.00
blue_cone 0.00 0 194.246 877.153 254.872 946.895 0.00 0.00 0.00 0.00 0.00 0.00 0.00
yellow_cone 0.00 0 762.317 857.829 811.702 913.725 0.00 0.00 0.00 0.00 0.00 0.00 0.00
yellow_cone 0.00 0 422.860 821.343 458.949 863.105 0.00 0.00 0.00 0.00 0.00 0.00 0.00
yellow_cone 0.00 0 169.197 803.778 199.435 837.334 0.00 0.00 0.00 0.00 0.00 0.00 0.00
