yellow_cone 0.00 0 0.00 0.00 0.00 0.00 0.00 0.358 0.251 0.251 4.833 8.892 -0.971 0.00
blue_cone 0.00 0 0.00 0.00 0.00 0.00 0.00 0.358 0.251 0.251 2.648 7.042 -0.971 0.00
blue_cone 0.00 0 0.00 0.00 0.00 0.00 0.00 0.358 0.251 0.251 5.111 3.606 -0.971 0.00
yellow_cone 0.00 0 0.00 0.00 0.00 0.00 0.00 0.358 0.251 0.251 7.456 5.600 -0.971 0.00
blue_cone 0.00 0 0.00 0.00 0.00 0.00 0.00 0.358 0.251 0.251 19.782 -12.456 -0.971 0.00
blue_cone 0.00 0 0.00 0.00 0.00 0.00 0.00 0.358 0.251 0.251 17.090 -9.471 -0.971 0.00
blue_cone 0.00 0 0.00 0.00 0.00 0.00 0.00 0.358 0.251 0.251 8.201 0.430 -0.971 0.00
blue_cone 0.00 0 0.00 0.00 0.00 0.00 0.00 0.358 0.251 0.251 13.910 -6.653 -0.971 0.00
blue_cone 0.00 0 0.00 0.00 0.00 0.00 0.00 0.358 0.251 0.251 11.092 -3.088 -0.971 0.00
blue_cone 0.00 0 0.00 0.00 0.00 0.00 0.00 0.358 0.251 0.251 22.271 -16.167 -0.971 0.00
yellow_cone 0.00 0 0.00 0.00 0.00 0.00 0.00 0.358 0.251 0.251 19.400 -7.662 -0.971 0.00
yellow_cone 0.00 0 0.00 0.00 0.00 0.00 0.00 0.358 0.251 0.251 24.722 -14.267 -0.971 0.00
yellow_cone 0.00 0 0.00 0.00 0.00 0.00 0.00 0.358 0.251 0.251 10.249 2.417 -0.971 0.00
yellow_cone 0.00 0 0.00 0.00 0.00 0.00 0.00 0.358 0.251 0.251 13.305 -1.215 -0.971 0.00
yellow_cone 0.00 0 0.00 0.00 0.00 0.00 0.00 0.358 0.251 0.251 21.983 -10.762 -0.971 0.00
yellow_cone 0.00 0 0.00 0.00 0.00 0.00 0.00 0.358 0.251 0.251 16.285 -4.567 -0.971 0.00
yellow_cone 0.00 0 945.000 876.081 1006.858 947.182 0.00 0.00 0.00 0.00 0.00 0.00 0.00
yellow_cone 0.00 0 601.809 845.718 654.914 902.384 0.00 0.00 0.00 0.00 0.00 0.00 0.00
orange_cone 0.00 0 1188.150 830.653 1222.613 871.772 0.00 0.00 0.00 0.00 0.00 0.00 0.00
orange_cone 0.00 0 1512.621 852.440 1556.204 898.983 0.00 0.00 0.00 0.00 0.00 0.00 0.00
orange_cone 0.00 0 1517.683 817.556 1546.403 850.386 0.00 0.00 0.00 0.00 0.00 0.00 0.00
large_orange_cone 0.00 0 1845.306 831.138 1877.639 868.971 0.00 0.00 0.00 0.00 0.00 0.00 0.00
large_orange_cone 0.00 0 1896.762 802.206 1917.650 826.843 0.00 0.00 0.00 0.00 0.00 0.00 0.00
large_orange_cone 0.00 0 1754.688 809.477 1778.325 836.066 0.00 0.00 0.00 0.00 0.00 0.00 0.00
large_orange_cone 0.00 0 2017.769 797.537 2038.634 820.495 0.00 0.00 0.00 0.00 0.00 0.00 0.00
