yellow_cone 0.00 0 0.00 0.00 0.00 0.00 0.00 0.358 0.251 0.251 13.191 21.895 -0.971 0.00
blue_cone 0.00 0 0.00 0.00 0.00 0.00 0.00 0.358 0.251 0.251 24.694 5.855 -0.971 0.00
yellow_cone 0.00 0 0.00 0.00 0.00 0.00 0.00 0.358 0.251 0.251 24.068 1.068 -0.971 0.00
blue_cone 0.00 0 0.00 0.00 0.00 0.00 0.00 0.358 0.251 0.251 17.039 15.617 -0.971 0.00
blue_cone 0.00 0 0.00 0.00 0.00 0.00 0.00 0.358 0.251 0.251 22.399 3.495 -0.971 0.00
yellow_cone 0.00 0 0.00 0.00 0.00 0.00 0.00 0.358 0.251 0.251 13.881 17.293 -0.971 0.00
blue_cone 0.00 0 0.00 0.00 0.00 0.00 0.00 0.358 0.251 0.251 14.446 14.149 -0.971 0.00
yellow_cone 0.00 0 0.00 0.00 0.00 0.00 0.00 0.358 0.251 0.251 17.769 -0.771 -0.971 0.00
blue_cone 0.00 0 0.00 0.00 0.00 0.00 0.00 0.358 0.251 0.251 14.193 1.866 -0.971 0.00
yellow_cone 0.00 0 0.00 0.00 0.00 0.00 0.00 0.358 0.251 0.251 9.719 -1.049 -0.971 0.00
blue_cone 0.00 0 0.00 0.00 0.00 0.00 0.00 0.358 0.251 0.251 9.585 1.811 -0.971 0.00
blue_cone 0.00 0 0.00 0.00 0.00 0.00 0.00 0.358 0.251 0.251 5.360 1.954 -0.971 0.00
yellow_cone 0.00 0 0.00 0.00 0.00 0.00 0.00 0.358 0.251 0.251 5.511 -1.120 -0.971 0.00
blue_cone 0.00 0 0.00 0.00 0.00 0.00 0.00 0.358 0.251 0.251 18.764 2.086 -0.971 0.00
yellow_cone 0.00 0 0.00 0.00 0.00 0.00 0.00 0.358 0.251 0.251 15.053 19.677 -0.971 0.00
blue_cone 0.00 0 0.00 0.00 0.00 0.00 0.00 0.358 0.251 0.251 27.191 8.985 -0.971 0.00
yellow_cone 0.00 0 0.00 0.00 0.00 0.00 0.00 0.358 0.251 0.251 13.969 -0.867 -0.971 0.00
yellow_cone 0.00 0 0.00 0.00 0.00 0.00 0.00 0.358 0.251 0.251 21.074 -0.596 -0.971 0.00
blue_cone 0.00 0 0.00 0.00 0.00 0.00 0.00 0.358 0.251 0.251 15.323 24.046 -0.971 0.00
blue_cone 0.00 0 0.00 0.00 0.00 0.00 0.00 0.358 0.251 0.251 17.931 20.998 -0.971 0.00
yellow_cone 0.00 0 0.00 0.00 0.00 0.00 0.00 0.358 0.251 0.251 26.943 3.640 -0.971 0.00
blue_cone 0.00 0 0.00 0.00 0.00 0.00 0.00 0.358 0.251 0.251 18.049 17.861 -0.971 0.00
yellow_cone 0.00 0 0.00 0.00 0.00 0.00 0.00 0.358 0.251 0.251 31.578 10.533 -0.971 0.00
yellow_cone 0.00 0 0.00 0.00 0.00 0.00 0.00 0.358 0.251 0.251 29.329 7.175 -0.971 0.00
blue_cone 0.00 0 0.00 0.00 0.00 0.00 0.00 0.358 0.251 0.251 30.587 15.515 -0.971 0.00
blue_cone 0.00 0 0.00 0.00 0.00 0.00 0.00 0.358 0.251 0.251 29.076 11.981 -0.971 0.00
blue_cone 0.00 0 0.00 0.00 0.00 0.00 0.00 0.358 0.251 0.251 31.602 18.780 -0.971 0.00
yellow_cone 0.00 0 0.00 0.00 0.00 0.00 0.00 0.358 0.251 0.251 33.326 14.480 -0.971 0.00
yellow_cone 0.00 0 0.00 0.00 0.00 0.00 0.00 0.358 0.251 0.251 34.577 18.773 -0.971 0.00
blue_cone 0.00 0 0.00 0.00 0.00 0.00 0.00 0.358 0.251 0.251 31.892 23.438 -0.971 0.00
yellow_cone 0.00 0 0.00 0.00 0.00 0.00 0.00 0.358 0.251 0.251 9.686 23.882 -0.971 0.00
blue_cone 0.00 0 0.00 0.00 0.00 0.00 0.00 0.358 0.251 0.251 11.185 26.741 -0.971 0.00
blue_cone 0.00 0 0.00 0.00 0.00 0.00 0.00 0.358 0.251 0.251 6.106 15.056 -0.971 0.00
yellow_cone 0.00 0 0.00 0.00 0.00 0.00 0.00 0.358 0.251 0.251 10.333 16.955 -0.971 0.00
yellow_cone 0.00 0 0.00 0.00 0.00 0.00 0.00 0.358 0.251 0.251 7.363 18.058 -0.971 0.00
orange_cone 0.00 0 1381.300 950.328 1463.346 1050.733 0.00 0.00 0.00 0.00 0.00 0.00 0.00
orange_cone 0.00 0 365.694 946.058 455.475 1049.565 0.00 0.00 0.00 0.00 0.00 0.00 0.00
orange_cone 0.00 0 694.509 856.215 744.202 912.310 0.00 0.00 0.00 0.00 0.00 0.00 0.00
orange_cone 0.00 0 1226.199 857.640 1277.627 913.499 0.00 0.00 0.00 0.00 0.00 0.00 0.00
orange_cone 0.00 0 1151.829 820.972 1185.628 859.787 0.00 0.00 0.00 0.00 0.00 0.00 0.00
orange_cone 0.00 0 1122.044 803.342 1147.932 832.484 0.00 0.00 0.00 0.00 0.00 0.00 0.00
blue_cone 0.00 0 466.350 774.071 483.973 796.094 0.00 0.00 0.00 0.00 0.00 0.00 0.00
blue_cone 0.00 0 180.056 770.812 195.673 788.202 0.00 0.00 0.00 0.00 0.00 0.00 0.00
blue_cone 0.00 0 623.759 779.023 640.833 803.043 0.00 0.00 0.00 0.00 0.00 0.00 0.00
yellow_cone 0.00 0 130.920 765.340 145.209 781.998 0.00 0.00 0.00 0.00 0.00 0.00 0.00
blue_cone 0.00 0 839.043 797.266 863.071 826.727 0.00 0.00 0.00 0.00 0.00 0.00 0.00
blue_cone 0.00 0 761.784 788.033 782.839 811.639 0.00 0.00 0.00 0.00 0.00 0.00 0.00
blue_cone 0.00 0 331.209 773.848 347.826 792.341 0.00 0.00 0.00 0.00 0.00 0.00 0.00
yellow_cone 0.00 0 1096.072 792.987 1116.870 817.017 0.00 0.00 0.00 0.00 0.00 0.00 0.00
orange_cone 0.00 0 800.480 818.404 832.452 856.599 0.00 0.00 0.00 0.00 0.00 0.00 0.00
yellow_cone 0.00 0 969.454 785.519 987.295 805.937 0.00 0.00 0.00 0.00 0.00 0.00 0.00
yellow_cone 0.00 0 804.728 782.094 821.262 799.253 0.00 0.00 0.00 0.00 0.00 0.00 0.00
