yellow_cone 0.00 0 0.00 0.00 0.00 0.00 0.00 0.358 0.251 0.251 13.197 21.892 -0.971 0.00
blue_cone 0.00 0 0.00 0.00 0.00 0.00 0.00 0.358 0.251 0.251 24.697 5.850 -0.971 0.00
yellow_cone 0.00 0 0.00 0.00 0.00 0.00 0.00 0.358 0.251 0.251 24.071 1.063 -0.971 0.00
blue_cone 0.00 0 0.00 0.00 0.00 0.00 0.00 0.358 0.251 0.251 17.044 15.614 -0.971 0.00
blue_cone 0.00 0 0.00 0.00 0.00 0.00 0.00 0.358 0.251 0.251 22.401 3.490 -0.971 0.00
yellow_cone 0.00 0 0.00 0.00 0.00 0.00 0.00 0.358 0.251 0.251 13.886 17.290 -0.971 0.00
blue_cone 0.00 0 0.00 0.00 0.00 0.00 0.00 0.358 0.251 0.251 14.451 14.146 -0.971 0.00
yellow_cone 0.00 0 0.00 0.00 0.00 0.00 0.00 0.358 0.251 0.251 17.771 -0.774 -0.971 0.00
blue_cone 0.00 0 0.00 0.00 0.00 0.00 0.00 0.358 0.251 0.251 14.195 1.864 -0.971 0.00
yellow_cone 0.00 0 0.00 0.00 0.00 0.00 0.00 0.358 0.251 0.251 9.721 -1.051 -0.971 0.00
blue_cone 0.00 0 0.00 0.00 0.00 0.00 0.00 0.358 0.251 0.251 9.588 1.809 -0.971 0.00
blue_cone 0.00 0 0.00 0.00 0.00 0.00 0.00 0.358 0.251 0.251 5.362 1.953 -0.971 0.00
yellow_cone 0.00 0 0.00 0.00 0.00 0.00 0.00 0.358 0.251 0.251 5.513 -1.122 -0.971 0.00
blue_cone 0.00 0 0.00 0.00 0.00 0.00 0.00 0.358 0.251 0.251 18.767 2.083 -0.971 0.00
yellow_cone 0.00 0 0.00 0.00 0.00 0.00 0.00 0.358 0.251 0.251 15.059 19.673 -0.971 0.00
blue_cone 0.00 0 0.00 0.00 0.00 0.00 0.00 0.358 0.251 0.251 27.195 8.980 -0.971 0.00
yellow_cone 0.00 0 0.00 0.00 0.00 0.00 0.00 0.358 0.251 0.251 13.971 -0.870 -0.971 0.00
yellow_cone 0.00 0 0.00 0.00 0.00 0.00 0.00 0.358 0.251 0.251 21.076 -0.600 -0.971 0.00
blue_cone 0.00 0 0.00 0.00 0.00 0.00 0.00 0.358 0.251 0.251 15.330 24.043 -0.971 0.00
blue_cone 0.00 0 0.00 0.00 0.00 0.00 0.00 0.358 0.251 0.251 17.937 20.994 -0.971 0.00
yellow_cone 0.00 0 0.00 0.00 0.00 0.00 0.00 0.358 0.251 0.251 26.946 3.635 -0.971 0.00
blue_cone 0.00 0 0.00 0.00 0.00 0.00 0.00 0.358 0.251 0.251 18.055 17.857 -0.971 0.00
yellow_cone 0.00 0 0.00 0.00 0.00 0.00 0.00 0.358 0.251 0.251 31.582 10.526 -0.971 0.00
yellow_cone 0.00 0 0.00 0.00 0.00 0.00 0.00 0.358 0.251 0.251 29.333 7.169 -0.971 0.00
blue_cone 0.00 0 0.00 0.00 0.00 0.00 0.00 0.358 0.251 0.251 30.592 15.509 -0.971 0.00
blue_cone 0.00 0 0.00 0.00 0.00 0.00 0.00 0.358 0.251 0.251 29.080 11.975 -0.971 0.00
blue_cone 0.00 0 0.00 0.00 0.00 0.00 0.00 0.358 0.251 0.251 31.608 18.774 -0.971 0.00
yellow_cone 0.00 0 0.00 0.00 0.00 0.00 0.00 0.358 0.251 0.251 33.331 14.473 -0.971 0.00
yellow_cone 0.00 0 0.00 0.00 0.00 0.00 0.00 0.358 0.251 0.251 34.583 18.767 -0.971 0.00
blue_cone 0.00 0 0.00 0.00 0.00 0.00 0.00 0.358 0.251 0.251 31.899 23.432 -0.971 0.00
yellow_cone 0.00 0 0.00 0.00 0.00 0.00 0.00 0.358 0.251 0.251 9.693 23.880 -0.971 0.00
blue_cone 0.00 0 0.00 0.00 0.00 0.00 0.00 0.358 0.251 0.251 11.192 26.739 -0.971 0.00
blue_cone 0.00 0 0.00 0.00 0.00 0.00 0.00 0.358 0.251 0.251 6.111 15.055 -0.971 0.00
yellow_cone 0.00 0 0.00 0.00 0.00 0.00 0.00 0.358 0.251 0.251 10.339 16.953 -0.971 0.00
yellow_cone 0.00 0 0.00 0.00 0.00 0.00 0.00 0.358 0.251 0.251 7.369 18.057 -0.971 0.00
orange_cone 0.00 0 1380.732 950.818 1463.993 1050.959 0.00 0.00 0.00 0.00 0.00 0.00 0.00
orange_cone 0.00 0 365.633 946.093 454.771 1049.721 0.00 0.00 0.00 0.00 0.00 0.00 0.00
orange_cone 0.00 0 694.758 856.504 743.823 912.288 0.00 0.00 0.00 0.00 0.00 0.00 0.00
orange_cone 0.00 0 1225.937 858.204 1277.902 913.822 0.00 0.00 0.00 0.00 0.00 0.00 0.00
orange_cone 0.00 0 1122.208 803.714 1147.777 832.359 0.00 0.00 0.00 0.00 0.00 0.00 0.00
orange_cone 0.00 0 1152.129 820.590 1186.487 859.390 0.00 0.00 0.00 0.00 0.00 0.00 0.00
blue_cone 0.00 0 180.386 770.588 195.638 788.095 0.00 0.00 0.00 0.00 0.00 0.00 0.00
blue_cone 0.00 0 839.189 797.425 863.411 826.367 0.00 0.00 0.00 0.00 0.00 0.00 0.00
blue_cone 0.00 0 467.014 774.492 484.136 796.305 0.00 0.00 0.00 0.00 0.00 0.00 0.00
yellow_cone 0.00 0 130.824 765.239 145.099 781.326 0.00 0.00 0.00 0.00 0.00 0.00 0.00
orange_cone 0.00 0 800.671 818.724 832.931 856.770 0.00 0.00 0.00 0.00 0.00 0.00 0.00
blue_cone 0.00 0 761.795 788.287 782.930 811.483 0.00 0.00 0.00 0.00 0.00 0.00 0.00
yellow_cone 0.00 0 1095.837 793.163 1116.788 817.032 0.00 0.00 0.00 0.00 0.00 0.00 0.00
blue_cone 0.00 0 624.087 778.980 641.020 802.783 0.00 0.00 0.00 0.00 0.00 0.00 0.00
blue_cone 0.00 0 331.312 774.039 347.801 792.465 0.00 0.00 0.00 0.00 0.00 0.00 0.00
yellow_cone 0.00 0 969.387 786.056 987.006 806.234 0.00 0.00 0.00 0.00 0.00 0.00 0.00
