yellow_cone 0.00 0 0.00 0.00 0.00 0.00 0.00 0.358 0.251 0.251 13.195 21.894 -0.971 0.00
blue_cone 0.00 0 0.00 0.00 0.00 0.00 0.00 0.358 0.251 0.251 24.698 5.855 -0.971 0.00
yellow_cone 0.00 0 0.00 0.00 0.00 0.00 0.00 0.358 0.251 0.251 24.073 1.068 -0.971 0.00
blue_cone 0.00 0 0.00 0.00 0.00 0.00 0.00 0.358 0.251 0.251 17.044 15.617 -0.971 0.00
blue_cone 0.00 0 0.00 0.00 0.00 0.00 0.00 0.358 0.251 0.251 22.403 3.495 -0.971 0.00
yellow_cone 0.00 0 0.00 0.00 0.00 0.00 0.00 0.358 0.251 0.251 13.885 17.293 -0.971 0.00
blue_cone 0.00 0 0.00 0.00 0.00 0.00 0.00 0.358 0.251 0.251 14.450 14.148 -0.971 0.00
yellow_cone 0.00 0 0.00 0.00 0.00 0.00 0.00 0.358 0.251 0.251 17.774 -0.771 -0.971 0.00
blue_cone 0.00 0 0.00 0.00 0.00 0.00 0.00 0.358 0.251 0.251 14.198 1.866 -0.971 0.00
yellow_cone 0.00 0 0.00 0.00 0.00 0.00 0.00 0.358 0.251 0.251 9.724 -1.049 -0.971 0.00
blue_cone 0.00 0 0.00 0.00 0.00 0.00 0.00 0.358 0.251 0.251 9.590 1.811 -0.971 0.00
blue_cone 0.00 0 0.00 0.00 0.00 0.00 0.00 0.358 0.251 0.251 5.365 1.953 -0.971 0.00
yellow_cone 0.00 0 0.00 0.00 0.00 0.00 0.00 0.358 0.251 0.251 5.516 -1.121 -0.971 0.00
blue_cone 0.00 0 0.00 0.00 0.00 0.00 0.00 0.358 0.251 0.251 18.769 2.086 -0.971 0.00
yellow_cone 0.00 0 0.00 0.00 0.00 0.00 0.00 0.358 0.251 0.251 15.058 19.676 -0.971 0.00
blue_cone 0.00 0 0.00 0.00 0.00 0.00 0.00 0.358 0.251 0.251 27.195 8.985 -0.971 0.00
yellow_cone 0.00 0 0.00 0.00 0.00 0.00 0.00 0.358 0.251 0.251 13.974 -0.867 -0.971 0.00
yellow_cone 0.00 0 0.00 0.00 0.00 0.00 0.00 0.358 0.251 0.251 21.079 -0.596 -0.971 0.00
blue_cone 0.00 0 0.00 0.00 0.00 0.00 0.00 0.358 0.251 0.251 15.328 24.046 -0.971 0.00
blue_cone 0.00 0 0.00 0.00 0.00 0.00 0.00 0.358 0.251 0.251 17.935 20.997 -0.971 0.00
yellow_cone 0.00 0 0.00 0.00 0.00 0.00 0.00 0.358 0.251 0.251 26.948 3.640 -0.971 0.00
blue_cone 0.00 0 0.00 0.00 0.00 0.00 0.00 0.358 0.251 0.251 18.053 17.860 -0.971 0.00
yellow_cone 0.00 0 0.00 0.00 0.00 0.00 0.00 0.358 0.251 0.251 31.582 10.533 -0.971 0.00
yellow_cone 0.00 0 0.00 0.00 0.00 0.00 0.00 0.358 0.251 0.251 29.334 7.175 -0.971 0.00
blue_cone 0.00 0 0.00 0.00 0.00 0.00 0.00 0.358 0.251 0.251 30.591 15.515 -0.971 0.00
blue_cone 0.00 0 0.00 0.00 0.00 0.00 0.00 0.358 0.251 0.251 29.080 11.981 -0.971 0.00
blue_cone 0.00 0 0.00 0.00 0.00 0.00 0.00 0.358 0.251 0.251 31.606 18.780 -0.971 0.00
yellow_cone 0.00 0 0.00 0.00 0.00 0.00 0.00 0.358 0.251 0.251 33.330 14.480 -0.971 0.00
yellow_cone 0.00 0 0.00 0.00 0.00 0.00 0.00 0.358 0.251 0.251 34.582 18.774 -0.971 0.00
blue_cone 0.00 0 0.00 0.00 0.00 0.00 0.00 0.358 0.251 0.251 31.897 23.438 -0.971 0.00
yellow_cone 0.00 0 0.00 0.00 0.00 0.00 0.00 0.358 0.251 0.251 9.690 23.882 -0.971 0.00
blue_cone 0.00 0 0.00 0.00 0.00 0.00 0.00 0.358 0.251 0.251 11.189 26.741 -0.971 0.00
blue_cone 0.00 0 0.00 0.00 0.00 0.00 0.00 0.358 0.251 0.251 6.111 15.056 -0.971 0.00
yellow_cone 0.00 0 0.00 0.00 0.00 0.00 0.00 0.358 0.251 0.251 10.338 16.955 -0.971 0.00
yellow_cone 0.00 0 0.00 0.00 0.00 0.00 0.00 0.358 0.251 0.251 7.368 18.058 -0.971 0.00
orange_cone 0.00 0 1380.703 950.498 1464.175 1051.098 0.00 0.00 0.00 0.00 0.00 0.00 0.00
orange_cone 0.00 0 364.455 945.916 455.316 1049.591 0.00 0.00 0.00 0.00 0.00 0.00 0.00
orange_cone 0.00 0 694.887 856.136 744.206 912.270 0.00 0.00 0.00 0.00 0.00 0.00 0.00
orange_cone 0.00 0 1226.028 858.299 1278.416 913.995 0.00 0.00 0.00 0.00 0.00 0.00 0.00
orange_cone 0.00 0 1122.440 803.546 1148.161 832.663 0.00 0.00 0.00 0.00 0.00 0.00 0.00
orange_cone 0.00 0 1152.134 820.733 1186.350 859.530 0.00 0.00 0.00 0.00 0.00 0.00 0.00
blue_cone 0.00 0 180.293 770.666 195.685 788.292 0.00 0.00 0.00 0.00 0.00 0.00 0.00
blue_cone 0.00 0 466.923 774.333 484.111 796.294 0.00 0.00 0.00 0.00 0.00 0.00 0.00
blue_cone 0.00 0 839.384 797.577 863.442 826.532 0.00 0.00 0.00 0.00 0.00 0.00 0.00
yellow_cone 0.00 0 131.140 765.948 144.926 781.648 0.00 0.00 0.00 0.00 0.00 0.00 0.00
blue_cone 0.00 0 761.662 788.187 782.864 811.741 0.00 0.00 0.00 0.00 0.00 0.00 0.00
blue_cone 0.00 0 624.271 779.757 641.133 803.093 0.00 0.00 0.00 0.00 0.00 0.00 0.00
orange_cone 0.00 0 800.588 818.503 832.580 856.571 0.00 0.00 0.00 0.00 0.00 0.00 0.00
blue_cone 0.00 0 331.343 774.136 347.679 792.341 0.00 0.00 0.00 0.00 0.00 0.00 0.00
yellow_cone 0.00 0 1096.059 793.544 1116.836 817.018 0.00 0.00 0.00 0.00 0.00 0.00 0.00
yellow_cone 0.00 0 969.434 786.195 987.229 806.348 0.00 0.00 0.00 0.00 0.00 0.00 0.00
