yellow_cone 0.00 0 0.00 0.00 0.00 0.00 0.00 0.358 0.251 0.251 13.198 21.894 -0.971 0.00
blue_cone 0.00 0 0.00 0.00 0.00 0.00 0.00 0.358 0.251 0.251 24.700 5.854 -0.971 0.00
yellow_cone 0.00 0 0.00 0.00 0.00 0.00 0.00 0.358 0.251 0.251 24.075 1.068 -0.971 0.00
blue_cone 0.00 0 0.00 0.00 0.00 0.00 0.00 0.358 0.251 0.251 17.046 15.617 -0.971 0.00
blue_cone 0.00 0 0.00 0.00 0.00 0.00 0.00 0.358 0.251 0.251 22.405 3.494 -0.971 0.00
yellow_cone 0.00 0 0.00 0.00 0.00 0.00 0.00 0.358 0.251 0.251 13.888 17.293 -0.971 0.00
blue_cone 0.00 0 0.00 0.00 0.00 0.00 0.00 0.358 0.251 0.251 14.453 14.148 -0.971 0.00
yellow_cone 0.00 0 0.00 0.00 0.00 0.00 0.00 0.358 0.251 0.251 17.776 -0.771 -0.971 0.00
blue_cone 0.00 0 0.00 0.00 0.00 0.00 0.00 0.358 0.251 0.251 14.199 1.866 -0.971 0.00
yellow_cone 0.00 0 0.00 0.00 0.00 0.00 0.00 0.358 0.251 0.251 9.726 -1.049 -0.971 0.00
blue_cone 0.00 0 0.00 0.00 0.00 0.00 0.00 0.358 0.251 0.251 9.592 1.811 -0.971 0.00
blue_cone 0.00 0 0.00 0.00 0.00 0.00 0.00 0.358 0.251 0.251 5.366 1.954 -0.971 0.00
yellow_cone 0.00 0 0.00 0.00 0.00 0.00 0.00 0.358 0.251 0.251 5.517 -1.121 -0.971 0.00
blue_cone 0.00 0 0.00 0.00 0.00 0.00 0.00 0.358 0.251 0.251 18.771 2.086 -0.971 0.00
yellow_cone 0.00 0 0.00 0.00 0.00 0.00 0.00 0.358 0.251 0.251 15.060 19.676 -0.971 0.00
blue_cone 0.00 0 0.00 0.00 0.00 0.00 0.00 0.358 0.251 0.251 27.198 8.985 -0.971 0.00
yellow_cone 0.00 0 0.00 0.00 0.00 0.00 0.00 0.358 0.251 0.251 13.976 -0.867 -0.971 0.00
yellow_cone 0.00 0 0.00 0.00 0.00 0.00 0.00 0.358 0.251 0.251 21.081 -0.596 -0.971 0.00
blue_cone 0.00 0 0.00 0.00 0.00 0.00 0.00 0.358 0.251 0.251 15.330 24.046 -0.971 0.00
blue_cone 0.00 0 0.00 0.00 0.00 0.00 0.00 0.358 0.251 0.251 17.938 20.997 -0.971 0.00
yellow_cone 0.00 0 0.00 0.00 0.00 0.00 0.00 0.358 0.251 0.251 26.950 3.640 -0.971 0.00
blue_cone 0.00 0 0.00 0.00 0.00 0.00 0.00 0.358 0.251 0.251 18.056 17.860 -0.971 0.00
yellow_cone 0.00 0 0.00 0.00 0.00 0.00 0.00 0.358 0.251 0.251 31.585 10.532 -0.971 0.00
yellow_cone 0.00 0 0.00 0.00 0.00 0.00 0.00 0.358 0.251 0.251 29.336 7.174 -0.971 0.00
blue_cone 0.00 0 0.00 0.00 0.00 0.00 0.00 0.358 0.251 0.251 30.593 15.515 -0.971 0.00
blue_cone 0.00 0 0.00 0.00 0.00 0.00 0.00 0.358 0.251 0.251 29.082 11.980 -0.971 0.00
blue_cone 0.00 0 0.00 0.00 0.00 0.00 0.00 0.358 0.251 0.251 31.609 18.780 -0.971 0.00
yellow_cone 0.00 0 0.00 0.00 0.00 0.00 0.00 0.358 0.251 0.251 33.332 14.479 -0.971 0.00
yellow_cone 0.00 0 0.00 0.00 0.00 0.00 0.00 0.358 0.251 0.251 34.584 18.773 -0.971 0.00
blue_cone 0.00 0 0.00 0.00 0.00 0.00 0.00 0.358 0.251 0.251 31.899 23.437 -0.971 0.00
yellow_cone 0.00 0 0.00 0.00 0.00 0.00 0.00 0.358 0.251 0.251 9.693 23.882 -0.971 0.00
blue_cone 0.00 0 0.00 0.00 0.00 0.00 0.00 0.358 0.251 0.251 11.192 26.741 -0.971 0.00
blue_cone 0.00 0 0.00 0.00 0.00 0.00 0.00 0.358 0.251 0.251 6.113 15.056 -0.971 0.00
yellow_cone 0.00 0 0.00 0.00 0.00 0.00 0.00 0.358 0.251 0.251 10.340 16.955 -0.971 0.00
yellow_cone 0.00 0 0.00 0.00 0.00 0.00 0.00 0.358 0.251 0.251 7.370 18.058 -0.971 0.00
orange_cone 0.00 0 1380.850 950.318 1463.861 1050.843 0.00 0.00 0.00 0.00 0.00 0.00 0.00
orange_cone 0.00 0 365.633 946.180 455.158 1049.763 0.00 0.00 0.00 0.00 0.00 0.00 0.00
orange_cone 0.00 0 694.898 856.209 744.171 912.421 0.00 0.00 0.00 0.00 0.00 0.00 0.00
orange_cone 0.00 0 1226.237 858.493 1277.764 913.653 0.00 0.00 0.00 0.00 0.00 0.00 0.00
orange_cone 0.00 0 1152.245 820.539 1186.451 859.625 0.00 0.00 0.00 0.00 0.00 0.00 0.00
orange_cone 0.00 0 1122.350 803.651 1147.995 832.400 0.00 0.00 0.00 0.00 0.00 0.00 0.00
blue_cone 0.00 0 839.013 797.557 863.475 826.638 0.00 0.00 0.00 0.00 0.00 0.00 0.00
blue_cone 0.00 0 179.856 770.541 195.459 788.172 0.00 0.00 0.00 0.00 0.00 0.00 0.00
blue_cone 0.00 0 623.648 779.321 640.977 802.900 0.00 0.00 0.00 0.00 0.00 0.00 0.00
blue_cone 0.00 0 466.750 774.704 483.916 796.331 0.00 0.00 0.00 0.00 0.00 0.00 0.00
blue_cone 0.00 0 761.825 788.029 783.261 811.473 0.00 0.00 0.00 0.00 0.00 0.00 0.00
yellow_cone 0.00 0 130.881 765.319 145.114 781.675 0.00 0.00 0.00 0.00 0.00 0.00 0.00
orange_cone 0.00 0 800.226 818.301 832.769 856.464 0.00 0.00 0.00 0.00 0.00 0.00 0.00
blue_cone 0.00 0 331.030 774.057 347.758 792.308 0.00 0.00 0.00 0.00 0.00 0.00 0.00
yellow_cone 0.00 0 1095.503 793.135 1116.514 816.808 0.00 0.00 0.00 0.00 0.00 0.00 0.00
yellow_cone 0.00 0 804.760 780.823 821.921 798.245 0.00 0.00 0.00 0.00 0.00 0.00 0.00
yellow_cone 0.00 0 969.061 785.676 987.004 805.588 0.00 0.00 0.00 0.00 0.00 0.00 0.00
