blue_cone 0.00 0 0.00 0.00 0.00 0.00 0.00 0.358 0.251 0.251 14.501 5.394 -0.971 0.00
yellow_cone 0.00 0 0.00 0.00 0.00 0.00 0.00 0.358 0.251 0.251 13.875 0.607 -0.971 0.00
blue_cone 0.00 0 0.00 0.00 0.00 0.00 0.00 0.358 0.251 0.251 6.848 15.157 -0.971 0.00
blue_cone 0.00 0 0.00 0.00 0.00 0.00 0.00 0.358 0.251 0.251 12.205 3.034 -0.971 0.00
blue_cone 0.00 0 0.00 0.00 0.00 0.00 0.00 0.358 0.251 0.251 4.254 13.689 -0.971 0.00
yellow_cone 0.00 0 0.00 0.00 0.00 0.00 0.00 0.358 0.251 0.251 7.575 -1.230 -0.971 0.00
blue_cone 0.00 0 0.00 0.00 0.00 0.00 0.00 0.358 0.251 0.251 3.999 1.407 -0.971 0.00
blue_cone 0.00 0 0.00 0.00 0.00 0.00 0.00 0.358 0.251 0.251 8.571 1.626 -0.971 0.00
blue_cone 0.00 0 0.00 0.00 0.00 0.00 0.00 0.358 0.251 0.251 16.998 8.524 -0.971 0.00
yellow_cone 0.00 0 0.00 0.00 0.00 0.00 0.00 0.358 0.251 0.251 3.775 -1.326 -0.971 0.00
yellow_cone 0.00 0 0.00 0.00 0.00 0.00 0.00 0.358 0.251 0.251 10.880 -1.056 -0.971 0.00
blue_cone 0.00 0 0.00 0.00 0.00 0.00 0.00 0.358 0.251 0.251 7.740 20.538 -0.971 0.00
yellow_cone 0.00 0 0.00 0.00 0.00 0.00 0.00 0.358 0.251 0.251 16.750 3.179 -0.971 0.00
blue_cone 0.00 0 0.00 0.00 0.00 0.00 0.00 0.358 0.251 0.251 7.858 17.401 -0.971 0.00
yellow_cone 0.00 0 0.00 0.00 0.00 0.00 0.00 0.358 0.251 0.251 21.386 10.071 -0.971 0.00
yellow_cone 0.00 0 0.00 0.00 0.00 0.00 0.00 0.358 0.251 0.251 19.137 6.713 -0.971 0.00
blue_cone 0.00 0 0.00 0.00 0.00 0.00 0.00 0.358 0.251 0.251 20.395 15.053 -0.971 0.00
blue_cone 0.00 0 0.00 0.00 0.00 0.00 0.00 0.358 0.251 0.251 18.884 11.519 -0.971 0.00
blue_cone 0.00 0 0.00 0.00 0.00 0.00 0.00 0.358 0.251 0.251 21.411 18.318 -0.971 0.00
yellow_cone 0.00 0 0.00 0.00 0.00 0.00 0.00 0.358 0.251 0.251 23.134 14.017 -0.971 0.00
yellow_cone 0.00 0 0.00 0.00 0.00 0.00 0.00 0.358 0.251 0.251 24.386 18.311 -0.971 0.00
blue_cone 0.00 0 0.00 0.00 0.00 0.00 0.00 0.358 0.251 0.251 21.702 22.976 -0.971 0.00
yellow_cone 0.00 0 0.00 0.00 0.00 0.00 0.00 0.358 0.251 0.251 24.647 23.150 -0.971 0.00
blue_cone 0.00 0 0.00 0.00 0.00 0.00 0.00 0.358 0.251 0.251 21.050 27.367 -0.971 0.00
yellow_cone 0.00 0 0.00 0.00 0.00 0.00 0.00 0.358 0.251 0.251 24.012 27.576 -0.971 0.00
blue_cone 0.00 0 0.00 0.00 0.00 0.00 0.00 0.358 0.251 0.251 20.271 32.415 -0.971 0.00
orange_cone 0.00 0 1629.580 1041.296 1752.265 1186.155 0.00 0.00 0.00 0.00 0.00 0.00 0.00
orange_cone 0.00 0 403.626 1010.285 509.377 1146.141 0.00 0.00 0.00 0.00 0.00 0.00 0.00
blue_cone 0.00 0 683.967 868.317 737.619 930.050 0.00 0.00 0.00 0.00 0.00 0.00 0.00
orange_cone 0.00 0 1318.308 894.171 1381.912 965.519 0.00 0.00 0.00 0.00 0.00 0.00 0.00
blue_cone 0.00 0 586.638 829.632 624.585 871.844 0.00 0.00 0.00 0.00 0.00 0.00 0.00
yellow_cone 0.00 0 1203.405 847.967 1245.749 895.412 0.00 0.00 0.00 0.00 0.00 0.00 0.00
blue_cone 0.00 0 176.257 798.515 201.363 828.266 0.00 0.00 0.00 0.00 0.00 0.00 0.00
blue_cone 0.00 0 382.312 811.827 413.449 846.501 0.00 0.00 0.00 0.00 0.00 0.00 0.00
blue_cone 0.00 0 2.032 791.371 24.767 817.017 0.00 0.00 0.00 0.00 0.00 0.00 0.00
yellow_cone 0.00 0 961.713 822.241 992.889 859.413 0.00 0.00 0.00 0.00 0.00 0.00 0.00
yellow_cone 0.00 0 232.992 785.359 251.965 808.065 0.00 0.00 0.00 0.00 0.00 0.00 0.00
yellow_cone 0.00 0 699.056 806.913 723.874 836.260 0.00 0.00 0.00 0.00 0.00 0.00 0.00
yellow_cone 0.00 0 439.164 793.762 460.327 819.017 0.00 0.00 0.00 0.00 0.00 0.00 0.00
yellow_cone 0.00 0 22.452 779.033 38.490 797.531 0.00 0.00 0.00 0.00 0.00 0.00 0.00
