yellow_cone 0.00 0 0.00 0.00 0.00 0.00 0.00 0.358 0.251 0.251 6.119 12.649 -0.971 0.00
blue_cone 0.00 0 0.00 0.00 0.00 0.00 0.00 0.358 0.251 0.251 4.759 10.129 -0.971 0.00
blue_cone 0.00 0 0.00 0.00 0.00 0.00 0.00 0.358 0.251 0.251 8.306 7.828 -0.971 0.00
yellow_cone 0.00 0 0.00 0.00 0.00 0.00 0.00 0.358 0.251 0.251 9.762 10.540 -0.971 0.00
blue_cone 0.00 0 0.00 0.00 0.00 0.00 0.00 0.358 0.251 0.251 0.910 -3.013 -0.971 0.00
blue_cone 0.00 0 0.00 0.00 0.00 0.00 0.00 0.358 0.251 0.251 6.226 -15.106 -0.971 0.00
blue_cone 0.00 0 0.00 0.00 0.00 0.00 0.00 0.358 0.251 0.251 3.332 -6.522 -0.971 0.00
blue_cone 0.00 0 0.00 0.00 0.00 0.00 0.00 0.358 0.251 0.251 5.319 -10.657 -0.971 0.00
blue_cone 0.00 0 0.00 0.00 0.00 0.00 0.00 0.358 0.251 0.251 11.083 -38.216 -0.971 0.00
blue_cone 0.00 0 0.00 0.00 0.00 0.00 0.00 0.358 0.251 0.251 6.465 -19.730 -0.971 0.00
blue_cone 0.00 0 0.00 0.00 0.00 0.00 0.00 0.358 0.251 0.251 6.520 -24.155 -0.971 0.00
blue_cone 0.00 0 0.00 0.00 0.00 0.00 0.00 0.358 0.251 0.251 27.826 -1.775 -0.971 0.00
blue_cone 0.00 0 0.00 0.00 0.00 0.00 0.00 0.358 0.251 0.251 24.230 0.022 -0.971 0.00
blue_cone 0.00 0 0.00 0.00 0.00 0.00 0.00 0.358 0.251 0.251 12.342 5.998 -0.971 0.00
blue_cone 0.00 0 0.00 0.00 0.00 0.00 0.00 0.358 0.251 0.251 20.241 1.486 -0.971 0.00
blue_cone 0.00 0 0.00 0.00 0.00 0.00 0.00 0.358 0.251 0.251 16.316 3.777 -0.971 0.00
blue_cone 0.00 0 0.00 0.00 0.00 0.00 0.00 0.358 0.251 0.251 31.496 -4.322 -0.971 0.00
yellow_cone 0.00 0 0.00 0.00 0.00 0.00 0.00 0.358 0.251 0.251 25.720 2.550 -0.971 0.00
yellow_cone 0.00 0 0.00 0.00 0.00 0.00 0.00 0.358 0.251 0.251 33.086 -1.658 -0.971 0.00
yellow_cone 0.00 0 0.00 0.00 0.00 0.00 0.00 0.358 0.251 0.251 13.523 8.596 -0.971 0.00
yellow_cone 0.00 0 0.00 0.00 0.00 0.00 0.00 0.358 0.251 0.251 17.694 6.329 -0.971 0.00
yellow_cone 0.00 0 0.00 0.00 0.00 0.00 0.00 0.358 0.251 0.251 29.257 0.605 -0.971 0.00
yellow_cone 0.00 0 0.00 0.00 0.00 0.00 0.00 0.358 0.251 0.251 21.692 4.295 -0.971 0.00
yellow_cone 0.00 0 191.970 820.619 231.436 865.888 0.00 0.00 0.00 0.00 0.00 0.00 0.00
orange_cone 0.00 0 400.602 800.228 430.424 830.671 0.00 0.00 0.00 0.00 0.00 0.00 0.00
orange_cone 0.00 0 612.569 808.580 642.519 841.694 0.00 0.00 0.00 0.00 0.00 0.00 0.00
large_orange_cone 0.00 0 1188.098 785.101 1204.069 805.828 0.00 0.00 0.00 0.00 0.00 0.00 0.00
orange_cone 0.00 0 1238.040 775.975 1250.794 792.438 0.00 0.00 0.00 0.00 0.00 0.00 0.00
orange_cone 0.00 0 1359.194 780.986 1372.534 797.677 0.00 0.00 0.00 0.00 0.00 0.00 0.00
large_orange_cone 0.00 0 1130.129 776.056 1144.662 794.664 0.00 0.00 0.00 0.00 0.00 0.00 0.00
orange_cone 0.00 0 1803.043 785.588 1817.317 802.224 0.00 0.00 0.00 0.00 0.00 0.00 0.00
orange_cone 0.00 0 1306.242 780.761 1321.342 799.669 0.00 0.00 0.00 0.00 0.00 0.00 0.00
orange_cone 0.00 0 1618.355 781.404 1632.453 797.756 0.00 0.00 0.00 0.00 0.00 0.00 0.00
