yellow_cone 0.00 0 0.00 0.00 0.00 0.00 0.00 0.358 0.251 0.251 6.360 14.667 -0.971 0.00
blue_cone 0.00 0 0.00 0.00 0.00 0.00 0.00 0.358 0.251 0.251 5.402 10.328 -0.971 0.00
yellow_cone 0.00 0 0.00 0.00 0.00 0.00 0.00 0.358 0.251 0.251 9.882 7.424 -0.971 0.00
blue_cone 0.00 0 0.00 0.00 0.00 0.00 0.00 0.358 0.251 0.251 7.323 6.140 -0.971 0.00
blue_cone 0.00 0 0.00 0.00 0.00 0.00 0.00 0.358 0.251 0.251 8.908 2.220 -0.971 0.00
yellow_cone 0.00 0 0.00 0.00 0.00 0.00 0.00 0.358 0.251 0.251 11.657 3.607 -0.971 0.00
yellow_cone 0.00 0 0.00 0.00 0.00 0.00 0.00 0.358 0.251 0.251 7.990 11.234 -0.971 0.00
yellow_cone 0.00 0 0.00 0.00 0.00 0.00 0.00 0.358 0.251 0.251 4.858 17.617 -0.971 0.00
blue_cone 0.00 0 0.00 0.00 0.00 0.00 0.00 0.358 0.251 0.251 19.388 -16.843 -0.971 0.00
blue_cone 0.00 0 0.00 0.00 0.00 0.00 0.00 0.358 0.251 0.251 17.474 -13.308 -0.971 0.00
blue_cone 0.00 0 0.00 0.00 0.00 0.00 0.00 0.358 0.251 0.251 11.164 -1.593 -0.971 0.00
blue_cone 0.00 0 0.00 0.00 0.00 0.00 0.00 0.358 0.251 0.251 15.046 -9.821 -0.971 0.00
blue_cone 0.00 0 0.00 0.00 0.00 0.00 0.00 0.358 0.251 0.251 13.146 -5.692 -0.971 0.00
blue_cone 0.00 0 0.00 0.00 0.00 0.00 0.00 0.358 0.251 0.251 20.934 -21.035 -0.971 0.00
yellow_cone 0.00 0 0.00 0.00 0.00 0.00 0.00 0.358 0.251 0.251 20.144 -12.092 -0.971 0.00
yellow_cone 0.00 0 0.00 0.00 0.00 0.00 0.00 0.358 0.251 0.251 23.763 -19.765 -0.971 0.00
yellow_cone 0.00 0 0.00 0.00 0.00 0.00 0.00 0.358 0.251 0.251 13.622 -0.143 -0.971 0.00
yellow_cone 0.00 0 0.00 0.00 0.00 0.00 0.00 0.358 0.251 0.251 15.738 -4.393 -0.971 0.00
yellow_cone 0.00 0 0.00 0.00 0.00 0.00 0.00 0.358 0.251 0.251 21.926 -15.714 -0.971 0.00
yellow_cone 0.00 0 0.00 0.00 0.00 0.00 0.00 0.358 0.251 0.251 17.846 -8.352 -0.971 0.00
yellow_cone 0.00 0 1297.229 838.912 1342.359 890.825 0.00 0.00 0.00 0.00 0.00 0.00 0.00
orange_cone 0.00 0 575.525 868.629 627.135 927.535 0.00 0.00 0.00 0.00 0.00 0.00 0.00
yellow_cone 0.00 0 1052.270 821.783 1090.329 863.632 0.00 0.00 0.00 0.00 0.00 0.00 0.00
orange_cone 0.00 0 1524.496 815.029 1555.760 848.976 0.00 0.00 0.00 0.00 0.00 0.00 0.00
orange_cone 0.00 0 473.924 837.545 511.594 882.442 0.00 0.00 0.00 0.00 0.00 0.00 0.00
orange_cone 0.00 0 1780.723 830.207 1817.174 869.092 0.00 0.00 0.00 0.00 0.00 0.00 0.00
