blue_cone 0.00 0 0.00 0.00 0.00 0.00 0.00 0.358 0.251 0.251 3.493 2.370 -0.971 0.00
yellow_cone 0.00 0 0.00 0.00 0.00 0.00 0.00 0.358 0.251 0.251 1.024 -1.869 -0.971 0.00
blue_cone 0.00 0 0.00 0.00 0.00 0.00 0.00 0.358 0.251 0.251 6.842 4.797 -0.971 0.00
yellow_cone 0.00 0 0.00 0.00 0.00 0.00 0.00 0.358 0.251 0.251 4.941 -0.165 -0.971 0.00
yellow_cone 0.00 0 0.00 0.00 0.00 0.00 0.00 0.358 0.251 0.251 8.562 2.559 -0.971 0.00
blue_cone 0.00 0 0.00 0.00 0.00 0.00 0.00 0.358 0.251 0.251 9.473 7.655 -0.971 0.00
yellow_cone 0.00 0 0.00 0.00 0.00 0.00 0.00 0.358 0.251 0.251 11.907 6.001 -0.971 0.00
blue_cone 0.00 0 0.00 0.00 0.00 0.00 0.00 0.358 0.251 0.251 10.336 10.289 -0.971 0.00
yellow_cone 0.00 0 0.00 0.00 0.00 0.00 0.00 0.358 0.251 0.251 13.801 9.946 -0.971 0.00
blue_cone 0.00 0 0.00 0.00 0.00 0.00 0.00 0.358 0.251 0.251 10.160 13.152 -0.971 0.00
yellow_cone 0.00 0 0.00 0.00 0.00 0.00 0.00 0.358 0.251 0.251 13.253 14.205 -0.971 0.00
blue_cone 0.00 0 0.00 0.00 0.00 0.00 0.00 0.358 0.251 0.251 8.147 16.287 -0.971 0.00
yellow_cone 0.00 0 0.00 0.00 0.00 0.00 0.00 0.358 0.251 0.251 10.703 18.081 -0.971 0.00
yellow_cone 0.00 0 0.00 0.00 0.00 0.00 0.00 0.358 0.251 0.251 6.623 21.027 -0.971 0.00
blue_cone 0.00 0 0.00 0.00 0.00 0.00 0.00 0.358 0.251 0.251 12.032 28.866 -0.971 0.00
blue_cone 0.00 0 0.00 0.00 0.00 0.00 0.00 0.358 0.251 0.251 20.911 19.087 -0.971 0.00
blue_cone 0.00 0 0.00 0.00 0.00 0.00 0.00 0.358 0.251 0.251 27.251 3.183 -0.971 0.00
blue_cone 0.00 0 0.00 0.00 0.00 0.00 0.00 0.358 0.251 0.251 15.442 26.308 -0.971 0.00
blue_cone 0.00 0 0.00 0.00 0.00 0.00 0.00 0.358 0.251 0.251 18.639 23.018 -0.971 0.00
blue_cone 0.00 0 0.00 0.00 0.00 0.00 0.00 0.358 0.251 0.251 29.624 1.302 -0.971 0.00
blue_cone 0.00 0 0.00 0.00 0.00 0.00 0.00 0.358 0.251 0.251 32.855 -1.286 -0.971 0.00
blue_cone 0.00 0 0.00 0.00 0.00 0.00 0.00 0.358 0.251 0.251 35.995 -3.297 -0.971 0.00
blue_cone 0.00 0 0.00 0.00 0.00 0.00 0.00 0.358 0.251 0.251 25.187 6.477 -0.971 0.00
blue_cone 0.00 0 0.00 0.00 0.00 0.00 0.00 0.358 0.251 0.251 22.606 14.778 -0.971 0.00
blue_cone 0.00 0 0.00 0.00 0.00 0.00 0.00 0.358 0.251 0.251 24.063 10.599 -0.971 0.00
yellow_cone 0.00 0 0.00 0.00 0.00 0.00 0.00 0.358 0.251 0.251 7.493 27.929 -0.971 0.00
yellow_cone 0.00 0 0.00 0.00 0.00 0.00 0.00 0.358 0.251 0.251 21.234 9.572 -0.971 0.00
yellow_cone 0.00 0 0.00 0.00 0.00 0.00 0.00 0.358 0.251 0.251 31.154 -3.537 -0.971 0.00
yellow_cone 0.00 0 0.00 0.00 0.00 0.00 0.00 0.358 0.251 0.251 19.832 13.995 -0.971 0.00
yellow_cone 0.00 0 0.00 0.00 0.00 0.00 0.00 0.358 0.251 0.251 10.153 26.209 -0.971 0.00
yellow_cone 0.00 0 0.00 0.00 0.00 0.00 0.00 0.358 0.251 0.251 18.159 17.798 -0.971 0.00
yellow_cone 0.00 0 0.00 0.00 0.00 0.00 0.00 0.358 0.251 0.251 27.711 -1.156 -0.971 0.00
yellow_cone 0.00 0 0.00 0.00 0.00 0.00 0.00 0.358 0.251 0.251 22.656 5.202 -0.971 0.00
yellow_cone 0.00 0 0.00 0.00 0.00 0.00 0.00 0.358 0.251 0.251 24.911 1.438 -0.971 0.00
yellow_cone 0.00 0 0.00 0.00 0.00 0.00 0.00 0.358 0.251 0.251 13.172 24.195 -0.971 0.00
yellow_cone 0.00 0 0.00 0.00 0.00 0.00 0.00 0.358 0.251 0.251 16.128 21.449 -0.971 0.00
yellow_cone 0.00 0 1099.800 973.835 1211.732 1094.235 0.00 0.00 0.00 0.00 0.00 0.00 0.00
yellow_cone 0.00 0 537.222 872.736 600.454 938.106 0.00 0.00 0.00 0.00 0.00 0.00 0.00
yellow_cone 0.00 0 223.942 832.697 267.855 877.973 0.00 0.00 0.00 0.00 0.00 0.00 0.00
yellow_cone 0.00 0 670.241 789.113 688.576 810.968 0.00 0.00 0.00 0.00 0.00 0.00 0.00
blue_cone 0.00 0 629.194 782.829 646.311 802.995 0.00 0.00 0.00 0.00 0.00 0.00 0.00
yellow_cone 0.00 0 978.073 784.221 997.372 806.141 0.00 0.00 0.00 0.00 0.00 0.00 0.00
blue_cone 0.00 0 878.881 779.583 894.476 798.760 0.00 0.00 0.00 0.00 0.00 0.00 0.00
blue_cone 0.00 0 316.993 783.935 334.009 804.617 0.00 0.00 0.00 0.00 0.00 0.00 0.00
yellow_cone 0.00 0 1388.360 773.045 1401.234 787.684 0.00 0.00 0.00 0.00 0.00 0.00 0.00
yellow_cone 0.00 0 1156.813 781.945 1174.089 801.221 0.00 0.00 0.00 0.00 0.00 0.00 0.00
blue_cone 0.00 0 1256.671 772.357 1271.299 787.708 0.00 0.00 0.00 0.00 0.00 0.00 0.00
blue_cone 0.00 0 1008.885 774.764 1024.158 794.364 0.00 0.00 0.00 0.00 0.00 0.00 0.00
