yellow_cone 0.00 0 0.00 0.00 0.00 0.00 0.00 0.358 0.251 0.251 13.192 21.896 -0.971 0.00
blue_cone 0.00 0 0.00 0.00 0.00 0.00 0.00 0.358 0.251 0.251 24.697 5.857 -0.971 0.00
yellow_cone 0.00 0 0.00 0.00 0.00 0.00 0.00 0.358 0.251 0.251 24.072 1.071 -0.971 0.00
blue_cone 0.00 0 0.00 0.00 0.00 0.00 0.00 0.358 0.251 0.251 17.041 15.619 -0.971 0.00
blue_cone 0.00 0 0.00 0.00 0.00 0.00 0.00 0.358 0.251 0.251 22.402 3.497 -0.971 0.00
yellow_cone 0.00 0 0.00 0.00 0.00 0.00 0.00 0.358 0.251 0.251 13.883 17.294 -0.971 0.00
blue_cone 0.00 0 0.00 0.00 0.00 0.00 0.00 0.358 0.251 0.251 14.448 14.150 -0.971 0.00
yellow_cone 0.00 0 0.00 0.00 0.00 0.00 0.00 0.358 0.251 0.251 17.773 -0.769 -0.971 0.00
blue_cone 0.00 0 0.00 0.00 0.00 0.00 0.00 0.358 0.251 0.251 14.197 1.868 -0.971 0.00
yellow_cone 0.00 0 0.00 0.00 0.00 0.00 0.00 0.358 0.251 0.251 9.723 -1.048 -0.971 0.00
blue_cone 0.00 0 0.00 0.00 0.00 0.00 0.00 0.358 0.251 0.251 9.589 1.812 -0.971 0.00
blue_cone 0.00 0 0.00 0.00 0.00 0.00 0.00 0.358 0.251 0.251 5.363 1.954 -0.971 0.00
yellow_cone 0.00 0 0.00 0.00 0.00 0.00 0.00 0.358 0.251 0.251 5.515 -1.120 -0.971 0.00
blue_cone 0.00 0 0.00 0.00 0.00 0.00 0.00 0.358 0.251 0.251 18.768 2.088 -0.971 0.00
yellow_cone 0.00 0 0.00 0.00 0.00 0.00 0.00 0.358 0.251 0.251 15.055 19.678 -0.971 0.00
blue_cone 0.00 0 0.00 0.00 0.00 0.00 0.00 0.358 0.251 0.251 27.194 8.988 -0.971 0.00
yellow_cone 0.00 0 0.00 0.00 0.00 0.00 0.00 0.358 0.251 0.251 13.973 -0.865 -0.971 0.00
yellow_cone 0.00 0 0.00 0.00 0.00 0.00 0.00 0.358 0.251 0.251 21.078 -0.594 -0.971 0.00
blue_cone 0.00 0 0.00 0.00 0.00 0.00 0.00 0.358 0.251 0.251 15.324 24.048 -0.971 0.00
blue_cone 0.00 0 0.00 0.00 0.00 0.00 0.00 0.358 0.251 0.251 17.932 20.999 -0.971 0.00
yellow_cone 0.00 0 0.00 0.00 0.00 0.00 0.00 0.358 0.251 0.251 26.947 3.643 -0.971 0.00
blue_cone 0.00 0 0.00 0.00 0.00 0.00 0.00 0.358 0.251 0.251 18.051 17.862 -0.971 0.00
yellow_cone 0.00 0 0.00 0.00 0.00 0.00 0.00 0.358 0.251 0.251 31.580 10.536 -0.971 0.00
yellow_cone 0.00 0 0.00 0.00 0.00 0.00 0.00 0.358 0.251 0.251 29.332 7.178 -0.971 0.00
blue_cone 0.00 0 0.00 0.00 0.00 0.00 0.00 0.358 0.251 0.251 30.589 15.519 -0.971 0.00
blue_cone 0.00 0 0.00 0.00 0.00 0.00 0.00 0.358 0.251 0.251 29.078 11.984 -0.971 0.00
blue_cone 0.00 0 0.00 0.00 0.00 0.00 0.00 0.358 0.251 0.251 31.603 18.784 -0.971 0.00
yellow_cone 0.00 0 0.00 0.00 0.00 0.00 0.00 0.358 0.251 0.251 33.328 14.483 -0.971 0.00
yellow_cone 0.00 0 0.00 0.00 0.00 0.00 0.00 0.358 0.251 0.251 34.579 18.777 -0.971 0.00
blue_cone 0.00 0 0.00 0.00 0.00 0.00 0.00 0.358 0.251 0.251 31.894 23.442 -0.971 0.00
yellow_cone 0.00 0 0.00 0.00 0.00 0.00 0.00 0.358 0.251 0.251 9.687 23.883 -0.971 0.00
blue_cone 0.00 0 0.00 0.00 0.00 0.00 0.00 0.358 0.251 0.251 11.185 26.742 -0.971 0.00
blue_cone 0.00 0 0.00 0.00 0.00 0.00 0.00 0.358 0.251 0.251 6.108 15.057 -0.971 0.00
yellow_cone 0.00 0 0.00 0.00 0.00 0.00 0.00 0.358 0.251 0.251 10.335 16.956 -0.971 0.00
yellow_cone 0.00 0 0.00 0.00 0.00 0.00 0.00 0.358 0.251 0.251 7.365 18.059 -0.971 0.00
orange_cone 0.00 0 1381.404 950.389 1464.395 1051.154 0.00 0.00 0.00 0.00 0.00 0.00 0.00
orange_cone 0.00 0 365.388 945.647 454.999 1049.630 0.00 0.00 0.00 0.00 0.00 0.00 0.00
orange_cone 0.00 0 694.388 856.335 744.092 912.527 0.00 0.00 0.00 0.00 0.00 0.00 0.00
orange_cone 0.00 0 1225.725 858.008 1277.743 913.836 0.00 0.00 0.00 0.00 0.00 0.00 0.00
orange_cone 0.00 0 1122.164 803.387 1147.756 832.523 0.00 0.00 0.00 0.00 0.00 0.00 0.00
orange_cone 0.00 0 1152.457 820.544 1186.342 859.390 0.00 0.00 0.00 0.00 0.00 0.00 0.00
blue_cone 0.00 0 180.077 770.993 195.372 788.205 0.00 0.00 0.00 0.00 0.00 0.00 0.00
yellow_cone 0.00 0 1096.110 793.164 1117.572 817.342 0.00 0.00 0.00 0.00 0.00 0.00 0.00
blue_cone 0.00 0 839.133 797.488 863.272 826.313 0.00 0.00 0.00 0.00 0.00 0.00 0.00
blue_cone 0.00 0 624.214 779.985 640.776 802.981 0.00 0.00 0.00 0.00 0.00 0.00 0.00
orange_cone 0.00 0 800.600 817.876 832.854 856.504 0.00 0.00 0.00 0.00 0.00 0.00 0.00
blue_cone 0.00 0 761.845 788.084 782.993 811.549 0.00 0.00 0.00 0.00 0.00 0.00 0.00
yellow_cone 0.00 0 130.988 765.091 144.983 781.633 0.00 0.00 0.00 0.00 0.00 0.00 0.00
blue_cone 0.00 0 467.148 774.628 484.058 796.213 0.00 0.00 0.00 0.00 0.00 0.00 0.00
blue_cone 0.00 0 331.179 774.112 347.596 792.541 0.00 0.00 0.00 0.00 0.00 0.00 0.00
yellow_cone 0.00 0 969.395 785.939 987.169 805.730 0.00 0.00 0.00 0.00 0.00 0.00 0.00
