yellow_cone 0.00 0 0.00 0.00 0.00 0.00 0.00 0.358 0.251 0.251 6.012 -1.467 -0.971 0.00
blue_cone 0.00 0 0.00 0.00 0.00 0.00 0.00 0.358 0.251 0.251 6.082 1.649 -0.971 0.00
blue_cone 0.00 0 0.00 0.00 0.00 0.00 0.00 0.358 0.251 0.251 9.175 2.544 -0.971 0.00
yellow_cone 0.00 0 0.00 0.00 0.00 0.00 0.00 0.358 0.251 0.251 9.460 -0.598 -0.971 0.00
blue_cone 0.00 0 0.00 0.00 0.00 0.00 0.00 0.358 0.251 0.251 11.713 4.046 -0.971 0.00
yellow_cone 0.00 0 0.00 0.00 0.00 0.00 0.00 0.358 0.251 0.251 13.322 1.129 -0.971 0.00
yellow_cone 0.00 0 0.00 0.00 0.00 0.00 0.00 0.358 0.251 0.251 16.430 4.111 -0.971 0.00
blue_cone 0.00 0 0.00 0.00 0.00 0.00 0.00 0.358 0.251 0.251 16.257 9.452 -0.971 0.00
blue_cone 0.00 0 0.00 0.00 0.00 0.00 0.00 0.358 0.251 0.251 13.972 5.644 -0.971 0.00
yellow_cone 0.00 0 0.00 0.00 0.00 0.00 0.00 0.358 0.251 0.251 19.048 7.787 -0.971 0.00
blue_cone 0.00 0 0.00 0.00 0.00 0.00 0.00 0.358 0.251 0.251 18.025 12.685 -0.971 0.00
blue_cone 0.00 0 0.00 0.00 0.00 0.00 0.00 0.358 0.251 0.251 19.276 15.766 -0.971 0.00
blue_cone 0.00 0 0.00 0.00 0.00 0.00 0.00 0.358 0.251 0.251 19.632 19.126 -0.971 0.00
blue_cone 0.00 0 0.00 0.00 0.00 0.00 0.00 0.358 0.251 0.251 17.633 22.584 -0.971 0.00
yellow_cone 0.00 0 0.00 0.00 0.00 0.00 0.00 0.358 0.251 0.251 21.229 11.692 -0.971 0.00
yellow_cone 0.00 0 0.00 0.00 0.00 0.00 0.00 0.358 0.251 0.251 22.629 16.068 -0.971 0.00
yellow_cone 0.00 0 0.00 0.00 0.00 0.00 0.00 0.358 0.251 0.251 22.177 20.736 -0.971 0.00
blue_cone 0.00 0 0.00 0.00 0.00 0.00 0.00 0.358 0.251 0.251 14.758 25.558 -0.971 0.00
yellow_cone 0.00 0 0.00 0.00 0.00 0.00 0.00 0.358 0.251 0.251 19.938 24.374 -0.971 0.00
yellow_cone 0.00 0 0.00 0.00 0.00 0.00 0.00 0.358 0.251 0.251 16.731 27.576 -0.971 0.00
blue_cone 0.00 0 0.00 0.00 0.00 0.00 0.00 0.358 0.251 0.251 11.559 27.761 -0.971 0.00
yellow_cone 0.00 0 0.00 0.00 0.00 0.00 0.00 0.358 0.251 0.251 12.853 30.403 -0.971 0.00
blue_cone 0.00 0 0.00 0.00 0.00 0.00 0.00 0.358 0.251 0.251 8.829 28.244 -0.971 0.00
yellow_cone 0.00 0 0.00 0.00 0.00 0.00 0.00 0.358 0.251 0.251 8.681 31.723 -0.971 0.00
yellow_cone 0.00 0 1437.609 919.661 1527.936 1013.777 0.00 0.00 0.00 0.00 0.00 0.00 0.00
blue_cone 0.00 0 537.444 913.108 617.849 1004.277 0.00 0.00 0.00 0.00 0.00 0.00 0.00
blue_cone 0.00 0 553.262 852.864 602.802 911.151 0.00 0.00 0.00 0.00 0.00 0.00 0.00
yellow_cone 0.00 0 1150.070 853.310 1204.707 911.730 0.00 0.00 0.00 0.00 0.00 0.00 0.00
blue_cone 0.00 0 444.751 824.328 481.632 866.920 0.00 0.00 0.00 0.00 0.00 0.00 0.00
yellow_cone 0.00 0 873.081 815.588 908.780 856.016 0.00 0.00 0.00 0.00 0.00 0.00 0.00
blue_cone 0.00 0 314.535 807.915 346.168 841.688 0.00 0.00 0.00 0.00 0.00 0.00 0.00
blue_cone 0.00 0 56.548 793.238 80.039 821.366 0.00 0.00 0.00 0.00 0.00 0.00 0.00
yellow_cone 0.00 0 605.224 796.648 631.892 829.218 0.00 0.00 0.00 0.00 0.00 0.00 0.00
yellow_cone 0.00 0 339.805 784.617 362.115 812.159 0.00 0.00 0.00 0.00 0.00 0.00 0.00
yellow_cone 0.00 0 105.438 779.850 124.289 800.039 0.00 0.00 0.00 0.00 0.00 0.00 0.00
