yellow_cone 0.00 0 0.00 0.00 0.00 0.00 0.00 0.358 0.251 0.251 4.724 8.879 -0.971 0.00
blue_cone 0.00 0 0.00 0.00 0.00 0.00 0.00 0.358 0.251 0.251 2.553 7.013 -0.971 0.00
blue_cone 0.00 0 0.00 0.00 0.00 0.00 0.00 0.358 0.251 0.251 5.042 3.595 -0.971 0.00
yellow_cone 0.00 0 0.00 0.00 0.00 0.00 0.00 0.358 0.251 0.251 7.371 5.606 -0.971 0.00
blue_cone 0.00 0 0.00 0.00 0.00 0.00 0.00 0.358 0.251 0.251 19.833 -12.357 -0.971 0.00
blue_cone 0.00 0 0.00 0.00 0.00 0.00 0.00 0.358 0.251 0.251 17.118 -9.392 -0.971 0.00
blue_cone 0.00 0 0.00 0.00 0.00 0.00 0.00 0.358 0.251 0.251 8.155 0.442 -0.971 0.00
blue_cone 0.00 0 0.00 0.00 0.00 0.00 0.00 0.358 0.251 0.251 13.917 -6.598 -0.971 0.00
blue_cone 0.00 0 0.00 0.00 0.00 0.00 0.00 0.358 0.251 0.251 11.072 -3.054 -0.971 0.00
blue_cone 0.00 0 0.00 0.00 0.00 0.00 0.00 0.358 0.251 0.251 22.349 -16.049 -0.971 0.00
yellow_cone 0.00 0 0.00 0.00 0.00 0.00 0.00 0.358 0.251 0.251 19.414 -7.565 -0.971 0.00
yellow_cone 0.00 0 0.00 0.00 0.00 0.00 0.00 0.358 0.251 0.251 24.786 -14.130 -0.971 0.00
yellow_cone 0.00 0 0.00 0.00 0.00 0.00 0.00 0.358 0.251 0.251 10.188 2.445 -0.971 0.00
yellow_cone 0.00 0 0.00 0.00 0.00 0.00 0.00 0.358 0.251 0.251 13.272 -1.164 -0.971 0.00
yellow_cone 0.00 0 0.00 0.00 0.00 0.00 0.00 0.358 0.251 0.251 22.021 -10.646 -0.971 0.00
yellow_cone 0.00 0 0.00 0.00 0.00 0.00 0.00 0.358 0.251 0.251 16.277 -4.494 -0.971 0.00
yellow_cone 0.00 0 943.134 877.944 1008.638 950.371 0.00 0.00 0.00 0.00 0.00 0.00 0.00
yellow_cone 0.00 0 601.488 848.868 655.852 905.622 0.00 0.00 0.00 0.00 0.00 0.00 0.00
orange_cone 0.00 0 1186.426 832.583 1225.230 874.745 0.00 0.00 0.00 0.00 0.00 0.00 0.00
large_orange_cone 0.00 0 1844.745 832.297 1878.183 870.703 0.00 0.00 0.00 0.00 0.00 0.00 0.00
large_orange_cone 0.00 0 1753.647 810.311 1779.084 838.163 0.00 0.00 0.00 0.00 0.00 0.00 0.00
large_orange_cone 0.00 0 1896.386 803.918 1917.818 828.200 0.00 0.00 0.00 0.00 0.00 0.00 0.00
orange_cone 0.00 0 1512.140 854.921 1555.869 900.607 0.00 0.00 0.00 0.00 0.00 0.00 0.00
large_orange_cone 0.00 0 2017.648 798.156 2038.671 821.191 0.00 0.00 0.00 0.00 0.00 0.00 0.00
