yellow_cone 0.00 0 0.00 0.00 0.00 0.00 0.00 0.358 0.251 0.251 4.833 8.922 -0.971 0.00
blue_cone 0.00 0 0.00 0.00 0.00 0.00 0.00 0.358 0.251 0.251 2.646 7.074 -0.971 0.00
blue_cone 0.00 0 0.00 0.00 0.00 0.00 0.00 0.358 0.251 0.251 5.105 3.635 -0.971 0.00
yellow_cone 0.00 0 0.00 0.00 0.00 0.00 0.00 0.358 0.251 0.251 7.452 5.627 -0.971 0.00
blue_cone 0.00 0 0.00 0.00 0.00 0.00 0.00 0.358 0.251 0.251 19.758 -12.443 -0.971 0.00
blue_cone 0.00 0 0.00 0.00 0.00 0.00 0.00 0.358 0.251 0.251 17.069 -9.455 -0.971 0.00
blue_cone 0.00 0 0.00 0.00 0.00 0.00 0.00 0.358 0.251 0.251 8.191 0.456 -0.971 0.00
blue_cone 0.00 0 0.00 0.00 0.00 0.00 0.00 0.358 0.251 0.251 13.892 -6.633 -0.971 0.00
blue_cone 0.00 0 0.00 0.00 0.00 0.00 0.00 0.358 0.251 0.251 11.078 -3.065 -0.971 0.00
blue_cone 0.00 0 0.00 0.00 0.00 0.00 0.00 0.358 0.251 0.251 22.242 -16.157 -0.971 0.00
yellow_cone 0.00 0 0.00 0.00 0.00 0.00 0.00 0.358 0.251 0.251 19.381 -7.648 -0.971 0.00
yellow_cone 0.00 0 0.00 0.00 0.00 0.00 0.00 0.358 0.251 0.251 24.696 -14.259 -0.971 0.00
yellow_cone 0.00 0 0.00 0.00 0.00 0.00 0.00 0.358 0.251 0.251 10.241 2.441 -0.971 0.00
yellow_cone 0.00 0 0.00 0.00 0.00 0.00 0.00 0.358 0.251 0.251 13.293 -1.194 -0.971 0.00
yellow_cone 0.00 0 0.00 0.00 0.00 0.00 0.00 0.358 0.251 0.251 21.961 -10.752 -0.971 0.00
yellow_cone 0.00 0 0.00 0.00 0.00 0.00 0.00 0.358 0.251 0.251 16.270 -4.550 -0.971 0.00
yellow_cone 0.00 0 944.453 878.690 1007.020 949.977 0.00 0.00 0.00 0.00 0.00 0.00 0.00
yellow_cone 0.00 0 602.003 849.369 654.755 905.800 0.00 0.00 0.00 0.00 0.00 0.00 0.00
orange_cone 0.00 0 1188.169 833.282 1223.543 874.447 0.00 0.00 0.00 0.00 0.00 0.00 0.00
orange_cone 0.00 0 1513.164 853.713 1556.096 901.379 0.00 0.00 0.00 0.00 0.00 0.00 0.00
large_orange_cone 0.00 0 1845.402 832.804 1877.793 870.612 0.00 0.00 0.00 0.00 0.00 0.00 0.00
large_orange_cone 0.00 0 1754.631 810.785 1778.579 838.332 0.00 0.00 0.00 0.00 0.00 0.00 0.00
orange_cone 0.00 0 1518.801 820.039 1546.669 852.031 0.00 0.00 0.00 0.00 0.00 0.00 0.00
large_orange_cone 0.00 0 1897.165 803.889 1917.981 828.181 0.00 0.00 0.00 0.00 0.00 0.00 0.00
large_orange_cone 0.00 0 2018.512 798.616 2039.061 821.593 0.00 0.00 0.00 0.00 0.00 0.00 0.00
