yellow_cone 0.00 0 0.00 0.00 0.00 0.00 0.00 0.358 0.251 0.251 9.080 22.268 -0.971 0.00
yellow_cone 0.00 0 0.00 0.00 0.00 0.00 0.00 0.358 0.251 0.251 24.995 16.832 -0.971 0.00
yellow_cone 0.00 0 0.00 0.00 0.00 0.00 0.00 0.358 0.251 0.251 24.357 12.418 -0.971 0.00
yellow_cone 0.00 0 0.00 0.00 0.00 0.00 0.00 0.358 0.251 0.251 24.468 21.278 -0.971 0.00
yellow_cone 0.00 0 0.00 0.00 0.00 0.00 0.00 0.358 0.251 0.251 23.405 25.692 -0.971 0.00
yellow_cone 0.00 0 0.00 0.00 0.00 0.00 0.00 0.358 0.251 0.251 21.912 29.326 -0.971 0.00
yellow_cone 0.00 0 0.00 0.00 0.00 0.00 0.00 0.358 0.251 0.251 19.761 33.136 -0.971 0.00
yellow_cone 0.00 0 0.00 0.00 0.00 0.00 0.00 0.358 0.251 0.251 9.297 25.180 -0.971 0.00
yellow_cone 0.00 0 0.00 0.00 0.00 0.00 0.00 0.358 0.251 0.251 6.433 21.095 -0.971 0.00
yellow_cone 0.00 0 0.00 0.00 0.00 0.00 0.00 0.358 0.251 0.251 1.718 -1.866 -0.971 0.00
blue_cone 0.00 0 0.00 0.00 0.00 0.00 0.00 0.358 0.251 0.251 13.188 23.678 -0.971 0.00
blue_cone 0.00 0 0.00 0.00 0.00 0.00 0.00 0.358 0.251 0.251 21.728 13.461 -0.971 0.00
blue_cone 0.00 0 0.00 0.00 0.00 0.00 0.00 0.358 0.251 0.251 11.871 20.605 -0.971 0.00
blue_cone 0.00 0 0.00 0.00 0.00 0.00 0.00 0.358 0.251 0.251 9.131 18.312 -0.971 0.00
blue_cone 0.00 0 0.00 0.00 0.00 0.00 0.00 0.358 0.251 0.251 22.094 16.698 -0.971 0.00
blue_cone 0.00 0 0.00 0.00 0.00 0.00 0.00 0.358 0.251 0.251 21.753 20.696 -0.971 0.00
blue_cone 0.00 0 0.00 0.00 0.00 0.00 0.00 0.358 0.251 0.251 20.561 24.750 -0.971 0.00
blue_cone 0.00 0 0.00 0.00 0.00 0.00 0.00 0.358 0.251 0.251 18.701 28.724 -0.971 0.00
blue_cone 0.00 0 0.00 0.00 0.00 0.00 0.00 0.358 0.251 0.251 17.038 31.993 -0.971 0.00
blue_cone 0.00 0 0.00 0.00 0.00 0.00 0.00 0.358 0.251 0.251 11.441 27.623 -0.971 0.00
blue_cone 0.00 0 0.00 0.00 0.00 0.00 0.00 0.358 0.251 0.251 14.360 35.205 -0.971 0.00
blue_cone 0.00 0 0.00 0.00 0.00 0.00 0.00 0.358 0.251 0.251 11.906 37.965 -0.971 0.00
blue_cone 0.00 0 0.00 0.00 0.00 0.00 0.00 0.358 0.251 0.251 5.072 18.427 -0.971 0.00
orange_cone 0.00 0 0.00 1293.23 877.70 1354.14 946.04 0.358 0.251 0.251 8.079 -1.169 -0.971 0.00
orange_cone 0.00 0 0.00 658.11 871.60 718.88 936.58 0.358 0.251 0.251 8.148 1.699 -0.971 0.00
orange_cone 0.00 0 0.00 675.20 827.94 712.12 873.58 0.358 0.251 0.251 11.652 2.416 -0.971 0.00
yellow_cone 0.00 0 0.00 1100.91 828.34 1137.81 873.56 0.358 0.251 0.251 12.241 -0.377 -0.971 0.00
orange_cone 0.00 0 0.00 867.55 801.36 893.30 834.24 0.358 0.251 0.251 16.296 1.671 -0.971 0.00
orange_cone 0.00 0 0.00 546.63 807.77 577.10 845.11 0.358 0.251 0.251 14.553 4.088 -0.971 0.00
orange_cone 0.00 0 0.00 390.32 788.65 415.84 822.57 0.358 0.251 0.251 17.653 6.651 -0.971 0.00
orange_cone 0.00 0 0.00 640.04 789.19 661.49 815.60 0.358 0.251 0.251 19.761 4.563 -0.971 0.00
orange_cone 0.00 0 0.00 184.35 778.28 205.62 810.07 0.358 0.251 0.251 19.771 9.988 -0.971 0.00
orange_cone 0.00 0 0.00 182.16 774.98 201.30 801.84 0.358 0.251 0.251 22.379 8.208 -0.971 0.00