yellow_cone 0.00 0 0.00 0.00 0.00 0.00 0.00 0.358 0.251 0.251 23.137 -19.506 -0.971 0.00
yellow_cone 0.00 0 0.00 0.00 0.00 0.00 0.00 0.358 0.251 0.251 20.767 -23.346 -0.971 0.00
yellow_cone 0.00 0 0.00 0.00 0.00 0.00 0.00 0.358 0.251 0.251 17.569 -26.574 -0.971 0.00
yellow_cone 0.00 0 0.00 0.00 0.00 0.00 0.00 0.358 0.251 0.251 13.872 -28.643 -0.971 0.00
yellow_cone 0.00 0 0.00 0.00 0.00 0.00 0.00 0.358 0.251 0.251 7.398 -6.096 -0.971 0.00
yellow_cone 0.00 0 0.00 0.00 0.00 0.00 0.00 0.358 0.251 0.251 24.216 -6.211 -0.971 0.00
yellow_cone 0.00 0 0.00 0.00 0.00 0.00 0.00 0.358 0.251 0.251 24.465 -15.219 -0.971 0.00
yellow_cone 0.00 0 0.00 0.00 0.00 0.00 0.00 0.358 0.251 0.251 25.008 -10.599 -0.971 0.00
yellow_cone 0.00 0 0.00 0.00 0.00 0.00 0.00 0.358 0.251 0.251 22.307 -2.161 -0.971 0.00
yellow_cone 0.00 0 0.00 0.00 0.00 0.00 0.00 0.358 0.251 0.251 19.900 1.689 -0.971 0.00
yellow_cone 0.00 0 0.00 0.00 0.00 0.00 0.00 0.358 0.251 0.251 17.334 4.663 -0.971 0.00
yellow_cone 0.00 0 0.00 0.00 0.00 0.00 0.00 0.358 0.251 0.251 14.086 7.596 -0.971 0.00
yellow_cone 0.00 0 0.00 0.00 0.00 0.00 0.00 0.358 0.251 0.251 10.694 10.025 -0.971 0.00
yellow_cone 0.00 0 0.00 0.00 0.00 0.00 0.00 0.358 0.251 0.251 6.696 12.480 -0.971 0.00
yellow_cone 0.00 0 0.00 0.00 0.00 0.00 0.00 0.358 0.251 0.251 3.186 -1.756 -0.971 0.00
yellow_cone 0.00 0 0.00 0.00 0.00 0.00 0.00 0.358 0.251 0.251 6.681 -3.265 -0.971 0.00
yellow_cone 0.00 0 0.00 0.00 0.00 0.00 0.00 0.358 0.251 0.251 5.259 -8.047 -0.971 0.00
blue_cone 0.00 0 0.00 0.00 0.00 0.00 0.00 0.358 0.251 0.251 10.847 -3.457 -0.971 0.00
blue_cone 0.00 0 0.00 0.00 0.00 0.00 0.00 0.358 0.251 0.251 22.185 -10.443 -0.971 0.00
blue_cone 0.00 0 0.00 0.00 0.00 0.00 0.00 0.358 0.251 0.251 10.572 -6.789 -0.971 0.00
blue_cone 0.00 0 0.00 0.00 0.00 0.00 0.00 0.358 0.251 0.251 21.428 -14.357 -0.971 0.00
blue_cone 0.00 0 0.00 0.00 0.00 0.00 0.00 0.358 0.251 0.251 8.700 -9.832 -0.971 0.00
blue_cone 0.00 0 0.00 0.00 0.00 0.00 0.00 0.358 0.251 0.251 20.476 -18.193 -0.971 0.00
blue_cone 0.00 0 0.00 0.00 0.00 0.00 0.00 0.358 0.251 0.251 18.348 -21.606 -0.971 0.00
blue_cone 0.00 0 0.00 0.00 0.00 0.00 0.00 0.358 0.251 0.251 16.088 -24.159 -0.971 0.00
blue_cone 0.00 0 0.00 0.00 0.00 0.00 0.00 0.358 0.251 0.251 13.029 -25.901 -0.971 0.00
blue_cone 0.00 0 0.00 0.00 0.00 0.00 0.00 0.358 0.251 0.251 21.506 -7.257 -0.971 0.00
blue_cone 0.00 0 0.00 0.00 0.00 0.00 0.00 0.358 0.251 0.251 19.917 -3.573 -0.971 0.00
blue_cone 0.00 0 0.00 0.00 0.00 0.00 0.00 0.358 0.251 0.251 17.502 -0.105 -0.971 0.00
blue_cone 0.00 0 0.00 0.00 0.00 0.00 0.00 0.358 0.251 0.251 14.479 3.075 -0.971 0.00
blue_cone 0.00 0 0.00 0.00 0.00 0.00 0.00 0.358 0.251 0.251 11.866 5.650 -0.971 0.00
blue_cone 0.00 0 0.00 0.00 0.00 0.00 0.00 0.358 0.251 0.251 8.308 7.848 -0.971 0.00
blue_cone 0.00 0 0.00 0.00 0.00 0.00 0.00 0.358 0.251 0.251 3.659 0.691 -0.971 0.00
blue_cone 0.00 0 0.00 0.00 0.00 0.00 0.00 0.358 0.251 0.251 5.107 9.688 -0.971 0.00
blue_cone 0.00 0 0.00 0.00 0.00 0.00 0.00 0.358 0.251 0.251 4.813 -11.008 -0.971 0.00
orange_cone 0.00 0 0.00 1115.53 875.09 1183.49 948.30 0.358 0.251 0.251 7.767 -0.351 -0.971 0.00
orange_cone 0.00 0 0.00 1951.88 896.56 2029.09 981.37 0.00 0.00 0.00 0.00 0.00 0.00 0.00
orange_cone 0.00 0 0.00 228.72 826.98 267.36 865.46 0.00 0.00 0.00 0.00 0.00 0.00 0.00
orange_cone 0.00 0 0.00 1658.33 831.75 1702.13 882.21 0.00 0.00 0.00 0.00 0.00 0.00 0.00
orange_cone 0.00 0 0.00 1078.50 790.39 1104.75 820.92 0.00 0.00 0.00 0.00 0.00 0.00 0.00
orange_cone 0.00 0 0.00 146.25 831.08 190.52 881.13 0.00 0.00 0.00 0.00 0.00 0.00 0.00
orange_cone 0.00 0 0.00 1394.37 783.53 1417.78 810.25 0.00 0.00 0.00 0.00 0.00 0.00 0.00
yellow_cone 0.00 0 0.00 122.55 806.82 152.49 841.51 0.00 0.00 0.00 0.00 0.00 0.00 0.00
orange_cone 0.00 0 0.00 1240.43 775.73 1260.86 800.08 0.00 0.00 0.00 0.00 0.00 0.00 0.00
orange_cone 0.00 0 0.00 916.32 780.88 938.26 808.91 0.00 0.00 0.00 0.00 0.00 0.00 0.00
unknown_cone 0.00 0 0.00 680.85 805.38 712.57 843.83 0.00 0.00 0.00 0.00 0.00 0.00 0.00
orange_cone 0.00 0 0.00 1815.33 771.25 1834.04 793.18 0.00 0.00 0.00 0.00 0.00 0.00 0.00
orange_cone 0.00 0 0.00 1865.86 776.89 1887.63 802.72 0.00 0.00 0.00 0.00 0.00 0.00 0.00
unknown_cone 0.00 0 0.00 585.58 793.35 608.57 822.15 0.00 0.00 0.00 0.00 0.00 0.00 0.00
orange_cone 0.00 0 0.00 1521.47 771.39 1542.91 793.75 0.00 0.00 0.00 0.00 0.00 0.00 0.00