yellow_cone 0.00 0 0.00 0.00 0.00 0.00 0.00 0.358 0.251 0.251 5.826 17.346 -0.971 0.00
yellow_cone 0.00 0 0.00 0.00 0.00 0.00 0.00 0.358 0.251 0.251 2.982 -1.796 -0.971 0.00
yellow_cone 0.00 0 0.00 0.00 0.00 0.00 0.00 0.358 0.251 0.251 19.302 11.613 -0.971 0.00
yellow_cone 0.00 0 0.00 0.00 0.00 0.00 0.00 0.358 0.251 0.251 20.970 15.659 -0.971 0.00
yellow_cone 0.00 0 0.00 0.00 0.00 0.00 0.00 0.358 0.251 0.251 22.115 19.672 -0.971 0.00
yellow_cone 0.00 0 0.00 0.00 0.00 0.00 0.00 0.358 0.251 0.251 23.081 24.262 -0.971 0.00
yellow_cone 0.00 0 0.00 0.00 0.00 0.00 0.00 0.358 0.251 0.251 8.493 22.774 -0.971 0.00
yellow_cone 0.00 0 0.00 0.00 0.00 0.00 0.00 0.358 0.251 0.251 8.250 18.974 -0.971 0.00
yellow_cone 0.00 0 0.00 0.00 0.00 0.00 0.00 0.358 0.251 0.251 23.643 28.984 -0.971 0.00
blue_cone 0.00 0 0.00 0.00 0.00 0.00 0.00 0.358 0.251 0.251 9.472 14.987 -0.971 0.00
blue_cone 0.00 0 0.00 0.00 0.00 0.00 0.00 0.358 0.251 0.251 6.241 14.124 -0.971 0.00
blue_cone 0.00 0 0.00 0.00 0.00 0.00 0.00 0.358 0.251 0.251 14.869 9.850 -0.971 0.00
blue_cone 0.00 0 0.00 0.00 0.00 0.00 0.00 0.358 0.251 0.251 16.846 13.767 -0.971 0.00
blue_cone 0.00 0 0.00 0.00 0.00 0.00 0.00 0.358 0.251 0.251 18.390 17.094 -0.971 0.00
blue_cone 0.00 0 0.00 0.00 0.00 0.00 0.00 0.358 0.251 0.251 11.496 18.797 -0.971 0.00
blue_cone 0.00 0 0.00 0.00 0.00 0.00 0.00 0.358 0.251 0.251 19.262 21.184 -0.971 0.00
blue_cone 0.00 0 0.00 0.00 0.00 0.00 0.00 0.358 0.251 0.251 10.958 23.152 -0.971 0.00
blue_cone 0.00 0 0.00 0.00 0.00 0.00 0.00 0.358 0.251 0.251 19.916 24.818 -0.971 0.00
blue_cone 0.00 0 0.00 0.00 0.00 0.00 0.00 0.358 0.251 0.251 20.566 28.481 -0.971 0.00
blue_cone 0.00 0 0.00 0.00 0.00 0.00 0.00 0.358 0.251 0.251 9.634 27.394 -0.971 0.00
blue_cone 0.00 0 0.00 0.00 0.00 0.00 0.00 0.358 0.251 0.251 8.585 31.353 -0.971 0.00
blue_cone 0.00 0 0.00 0.00 0.00 0.00 0.00 0.358 0.251 0.251 20.900 33.283 -0.971 0.00
orange_cone 0.00 0 0.00 124.98 1202.13 324.08 1440.77 0.358 0.251 0.251 2.580 1.169 -0.971 0.00
orange_cone 0.00 0 0.00 1258.68 899.81 1327.79 976.16 0.358 0.251 0.251 7.188 -0.929 -0.971 0.00
orange_cone 0.00 0 0.00 394.97 924.69 452.62 993.99 0.358 0.251 0.251 6.898 2.496 -0.971 0.00
orange_cone 0.00 0 0.00 405.02 874.80 451.32 928.41 0.358 0.251 0.251 9.262 3.340 -0.971 0.00
orange_cone 0.00 0 0.00 845.06 848.46 881.30 895.89 0.358 0.251 0.251 11.192 1.266 -0.971 0.00
orange_cone 0.00 0 0.00 264.13 816.59 289.82 848.70 0.358 0.251 0.251 17.151 7.803 -0.971 0.00
orange_cone 0.00 0 0.00 513.25 831.49 540.89 866.39 0.358 0.251 0.251 14.353 4.378 -0.971 0.00
orange_cone 0.00 0 0.00 170.18 851.60 204.96 892.11 0.358 0.251 0.251 12.206 6.235 -0.971 0.00
yellow_cone 0.00 0 0.00 44.02 817.73 67.82 845.09 0.00 0.00 0.00 0.00 0.00 0.00 0.00