yellow_cone 0.00 0 0.00 0.00 0.00 0.00 0.00 0.358 0.251 0.251 9.075 22.267 -0.971 0.00
yellow_cone 0.00 0 0.00 0.00 0.00 0.00 0.00 0.358 0.251 0.251 24.991 16.832 -0.971 0.00
yellow_cone 0.00 0 0.00 0.00 0.00 0.00 0.00 0.358 0.251 0.251 24.353 12.419 -0.971 0.00
yellow_cone 0.00 0 0.00 0.00 0.00 0.00 0.00 0.358 0.251 0.251 24.463 21.278 -0.971 0.00
yellow_cone 0.00 0 0.00 0.00 0.00 0.00 0.00 0.358 0.251 0.251 23.399 25.692 -0.971 0.00
yellow_cone 0.00 0 0.00 0.00 0.00 0.00 0.00 0.358 0.251 0.251 21.907 29.326 -0.971 0.00
yellow_cone 0.00 0 0.00 0.00 0.00 0.00 0.00 0.358 0.251 0.251 19.755 33.136 -0.971 0.00
yellow_cone 0.00 0 0.00 0.00 0.00 0.00 0.00 0.358 0.251 0.251 9.292 25.179 -0.971 0.00
yellow_cone 0.00 0 0.00 0.00 0.00 0.00 0.00 0.358 0.251 0.251 6.428 21.094 -0.971 0.00
yellow_cone 0.00 0 0.00 0.00 0.00 0.00 0.00 0.358 0.251 0.251 1.716 -1.868 -0.971 0.00
blue_cone 0.00 0 0.00 0.00 0.00 0.00 0.00 0.358 0.251 0.251 13.183 23.678 -0.971 0.00
blue_cone 0.00 0 0.00 0.00 0.00 0.00 0.00 0.358 0.251 0.251 21.724 13.461 -0.971 0.00
blue_cone 0.00 0 0.00 0.00 0.00 0.00 0.00 0.358 0.251 0.251 11.866 20.604 -0.971 0.00
blue_cone 0.00 0 0.00 0.00 0.00 0.00 0.00 0.358 0.251 0.251 9.127 18.311 -0.971 0.00
blue_cone 0.00 0 0.00 0.00 0.00 0.00 0.00 0.358 0.251 0.251 22.090 16.698 -0.971 0.00
blue_cone 0.00 0 0.00 0.00 0.00 0.00 0.00 0.358 0.251 0.251 21.749 20.696 -0.971 0.00
blue_cone 0.00 0 0.00 0.00 0.00 0.00 0.00 0.358 0.251 0.251 20.556 24.750 -0.971 0.00
blue_cone 0.00 0 0.00 0.00 0.00 0.00 0.00 0.358 0.251 0.251 18.696 28.724 -0.971 0.00
blue_cone 0.00 0 0.00 0.00 0.00 0.00 0.00 0.358 0.251 0.251 17.033 31.993 -0.971 0.00
blue_cone 0.00 0 0.00 0.00 0.00 0.00 0.00 0.358 0.251 0.251 11.436 27.623 -0.971 0.00
blue_cone 0.00 0 0.00 0.00 0.00 0.00 0.00 0.358 0.251 0.251 14.354 35.205 -0.971 0.00
blue_cone 0.00 0 0.00 0.00 0.00 0.00 0.00 0.358 0.251 0.251 11.900 37.964 -0.971 0.00
blue_cone 0.00 0 0.00 0.00 0.00 0.00 0.00 0.358 0.251 0.251 5.068 18.426 -0.971 0.00
orange_cone 0.00 0 0.00 658.82 872.04 718.72 936.35 0.358 0.251 0.251 8.145 1.698 -0.971 0.00
orange_cone 0.00 0 0.00 1293.33 878.25 1352.89 946.80 0.358 0.251 0.251 8.076 -1.170 -0.971 0.00
yellow_cone 0.00 0 0.00 1100.18 828.23 1136.75 873.74 0.358 0.251 0.251 12.238 -0.378 -0.971 0.00
orange_cone 0.00 0 0.00 674.63 827.57 712.24 873.66 0.358 0.251 0.251 11.598 2.381 -0.971 0.00
orange_cone 0.00 0 0.00 867.30 801.35 893.58 834.27 0.358 0.251 0.251 16.293 1.671 -0.971 0.00
orange_cone 0.00 0 0.00 546.69 807.92 577.19 845.14 0.358 0.251 0.251 14.550 4.087 -0.971 0.00
orange_cone 0.00 0 0.00 390.48 786.92 416.39 822.44 0.358 0.251 0.251 17.649 6.651 -0.971 0.00
orange_cone 0.00 0 0.00 639.16 788.07 661.84 815.60 0.358 0.251 0.251 19.758 4.563 -0.971 0.00
orange_cone 0.00 0 0.00 183.91 779.08 205.12 810.37 0.358 0.251 0.251 19.767 9.988 -0.971 0.00
orange_cone 0.00 0 0.00 181.33 774.73 200.22 800.32 0.358 0.251 0.251 22.247 8.113 -0.971 0.00