yellow_cone 0.00 0 0.00 0.00 0.00 0.00 0.00 0.358 0.251 0.251 9.080 22.271 -0.971 0.00
yellow_cone 0.00 0 0.00 0.00 0.00 0.00 0.00 0.358 0.251 0.251 24.994 16.832 -0.971 0.00
yellow_cone 0.00 0 0.00 0.00 0.00 0.00 0.00 0.358 0.251 0.251 24.355 12.419 -0.971 0.00
yellow_cone 0.00 0 0.00 0.00 0.00 0.00 0.00 0.358 0.251 0.251 24.467 21.278 -0.971 0.00
yellow_cone 0.00 0 0.00 0.00 0.00 0.00 0.00 0.358 0.251 0.251 23.405 25.693 -0.971 0.00
yellow_cone 0.00 0 0.00 0.00 0.00 0.00 0.00 0.358 0.251 0.251 21.913 29.327 -0.971 0.00
yellow_cone 0.00 0 0.00 0.00 0.00 0.00 0.00 0.358 0.251 0.251 19.762 33.138 -0.971 0.00
yellow_cone 0.00 0 0.00 0.00 0.00 0.00 0.00 0.358 0.251 0.251 9.297 25.183 -0.971 0.00
yellow_cone 0.00 0 0.00 0.00 0.00 0.00 0.00 0.358 0.251 0.251 6.432 21.098 -0.971 0.00
yellow_cone 0.00 0 0.00 0.00 0.00 0.00 0.00 0.358 0.251 0.251 1.714 -1.862 -0.971 0.00
blue_cone 0.00 0 0.00 0.00 0.00 0.00 0.00 0.358 0.251 0.251 13.187 23.681 -0.971 0.00
blue_cone 0.00 0 0.00 0.00 0.00 0.00 0.00 0.358 0.251 0.251 21.726 13.462 -0.971 0.00
blue_cone 0.00 0 0.00 0.00 0.00 0.00 0.00 0.358 0.251 0.251 11.870 20.607 -0.971 0.00
blue_cone 0.00 0 0.00 0.00 0.00 0.00 0.00 0.358 0.251 0.251 9.130 18.315 -0.971 0.00
blue_cone 0.00 0 0.00 0.00 0.00 0.00 0.00 0.358 0.251 0.251 22.093 16.699 -0.971 0.00
blue_cone 0.00 0 0.00 0.00 0.00 0.00 0.00 0.358 0.251 0.251 21.752 20.697 -0.971 0.00
blue_cone 0.00 0 0.00 0.00 0.00 0.00 0.00 0.358 0.251 0.251 20.561 24.751 -0.971 0.00
blue_cone 0.00 0 0.00 0.00 0.00 0.00 0.00 0.358 0.251 0.251 18.702 28.725 -0.971 0.00
blue_cone 0.00 0 0.00 0.00 0.00 0.00 0.00 0.358 0.251 0.251 17.039 31.995 -0.971 0.00
blue_cone 0.00 0 0.00 0.00 0.00 0.00 0.00 0.358 0.251 0.251 11.441 27.626 -0.971 0.00
blue_cone 0.00 0 0.00 0.00 0.00 0.00 0.00 0.358 0.251 0.251 14.362 35.208 -0.971 0.00
blue_cone 0.00 0 0.00 0.00 0.00 0.00 0.00 0.358 0.251 0.251 11.908 37.967 -0.971 0.00
blue_cone 0.00 0 0.00 0.00 0.00 0.00 0.00 0.358 0.251 0.251 5.071 18.431 -0.971 0.00
orange_cone 0.00 0 0.00 1293.45 878.46 1353.44 946.78 0.358 0.251 0.251 8.178 -1.162 -0.971 0.00
orange_cone 0.00 0 0.00 658.51 871.93 718.44 936.40 0.358 0.251 0.251 8.144 1.702 -0.971 0.00
orange_cone 0.00 0 0.00 674.62 827.58 711.41 873.62 0.358 0.251 0.251 11.597 2.385 -0.971 0.00
yellow_cone 0.00 0 0.00 1100.78 828.55 1137.12 873.67 0.358 0.251 0.251 12.236 -0.375 -0.971 0.00
orange_cone 0.00 0 0.00 867.00 801.10 893.89 834.35 0.358 0.251 0.251 16.202 1.652 -0.971 0.00
orange_cone 0.00 0 0.00 546.69 807.72 577.18 844.90 0.358 0.251 0.251 14.549 4.090 -0.971 0.00
orange_cone 0.00 0 0.00 390.43 788.94 415.94 822.46 0.358 0.251 0.251 17.650 6.653 -0.971 0.00
orange_cone 0.00 0 0.00 640.10 789.12 662.07 815.59 0.358 0.251 0.251 19.758 4.564 -0.971 0.00
orange_cone 0.00 0 0.00 184.95 780.45 205.51 810.63 0.358 0.251 0.251 19.769 9.989 -0.971 0.00
orange_cone 0.00 0 0.00 181.83 774.82 199.95 799.04 0.358 0.251 0.251 22.376 8.209 -0.971 0.00