yellow_cone 0.00 0 0.00 0.00 0.00 0.00 0.00 0.358 0.251 0.251 9.083 22.269 -0.971 0.00
yellow_cone 0.00 0 0.00 0.00 0.00 0.00 0.00 0.358 0.251 0.251 24.996 16.828 -0.971 0.00
yellow_cone 0.00 0 0.00 0.00 0.00 0.00 0.00 0.358 0.251 0.251 24.357 12.414 -0.971 0.00
yellow_cone 0.00 0 0.00 0.00 0.00 0.00 0.00 0.358 0.251 0.251 24.470 21.274 -0.971 0.00
yellow_cone 0.00 0 0.00 0.00 0.00 0.00 0.00 0.358 0.251 0.251 23.408 25.688 -0.971 0.00
yellow_cone 0.00 0 0.00 0.00 0.00 0.00 0.00 0.358 0.251 0.251 21.917 29.322 -0.971 0.00
yellow_cone 0.00 0 0.00 0.00 0.00 0.00 0.00 0.358 0.251 0.251 19.767 33.134 -0.971 0.00
yellow_cone 0.00 0 0.00 0.00 0.00 0.00 0.00 0.358 0.251 0.251 9.300 25.180 -0.971 0.00
yellow_cone 0.00 0 0.00 0.00 0.00 0.00 0.00 0.358 0.251 0.251 6.435 21.096 -0.971 0.00
yellow_cone 0.00 0 0.00 0.00 0.00 0.00 0.00 0.358 0.251 0.251 1.714 -1.864 -0.971 0.00
blue_cone 0.00 0 0.00 0.00 0.00 0.00 0.00 0.358 0.251 0.251 13.191 23.677 -0.971 0.00
blue_cone 0.00 0 0.00 0.00 0.00 0.00 0.00 0.358 0.251 0.251 21.728 13.457 -0.971 0.00
blue_cone 0.00 0 0.00 0.00 0.00 0.00 0.00 0.358 0.251 0.251 11.873 20.604 -0.971 0.00
blue_cone 0.00 0 0.00 0.00 0.00 0.00 0.00 0.358 0.251 0.251 9.133 18.312 -0.971 0.00
blue_cone 0.00 0 0.00 0.00 0.00 0.00 0.00 0.358 0.251 0.251 22.095 16.694 -0.971 0.00
blue_cone 0.00 0 0.00 0.00 0.00 0.00 0.00 0.358 0.251 0.251 21.756 20.692 -0.971 0.00
blue_cone 0.00 0 0.00 0.00 0.00 0.00 0.00 0.358 0.251 0.251 20.565 24.747 -0.971 0.00
blue_cone 0.00 0 0.00 0.00 0.00 0.00 0.00 0.358 0.251 0.251 18.706 28.721 -0.971 0.00
blue_cone 0.00 0 0.00 0.00 0.00 0.00 0.00 0.358 0.251 0.251 17.044 31.991 -0.971 0.00
blue_cone 0.00 0 0.00 0.00 0.00 0.00 0.00 0.358 0.251 0.251 11.445 27.623 -0.971 0.00
blue_cone 0.00 0 0.00 0.00 0.00 0.00 0.00 0.358 0.251 0.251 14.367 35.204 -0.971 0.00
blue_cone 0.00 0 0.00 0.00 0.00 0.00 0.00 0.358 0.251 0.251 11.914 37.964 -0.971 0.00
blue_cone 0.00 0 0.00 0.00 0.00 0.00 0.00 0.358 0.251 0.251 5.074 18.429 -0.971 0.00
orange_cone 0.00 0 0.00 658.67 872.58 718.56 936.58 0.358 0.251 0.251 8.145 1.700 -0.971 0.00
orange_cone 0.00 0 0.00 1293.47 878.14 1353.27 946.29 0.358 0.251 0.251 8.075 -1.168 -0.971 0.00
yellow_cone 0.00 0 0.00 1100.32 828.51 1137.03 874.09 0.358 0.251 0.251 12.237 -0.378 -0.971 0.00
orange_cone 0.00 0 0.00 675.21 828.04 711.55 873.85 0.358 0.251 0.251 11.598 2.381 -0.971 0.00
orange_cone 0.00 0 0.00 867.43 801.29 894.25 834.55 0.358 0.251 0.251 16.293 1.669 -0.971 0.00
orange_cone 0.00 0 0.00 546.65 807.72 577.28 845.11 0.358 0.251 0.251 14.551 4.086 -0.971 0.00
orange_cone 0.00 0 0.00 639.49 789.12 661.56 815.81 0.358 0.251 0.251 19.759 4.560 -0.971 0.00
orange_cone 0.00 0 0.00 391.13 787.09 416.40 822.57 0.358 0.251 0.251 17.651 6.649 -0.971 0.00
orange_cone 0.00 0 0.00 184.53 779.00 205.41 810.41 0.358 0.251 0.251 19.771 9.985 -0.971 0.00
orange_cone 0.00 0 0.00 181.87 774.74 200.28 799.74 0.358 0.251 0.251 22.377 8.205 -0.971 0.00