yellow_cone 0.00 0 0.00 0.00 0.00 0.00 0.00 0.358 0.251 0.251 7.361 22.282 -0.971 0.00
yellow_cone 0.00 0 0.00 0.00 0.00 0.00 0.00 0.358 0.251 0.251 23.270 16.828 -0.971 0.00
yellow_cone 0.00 0 0.00 0.00 0.00 0.00 0.00 0.358 0.251 0.251 22.627 12.415 -0.971 0.00
yellow_cone 0.00 0 0.00 0.00 0.00 0.00 0.00 0.358 0.251 0.251 22.748 21.274 -0.971 0.00
yellow_cone 0.00 0 0.00 0.00 0.00 0.00 0.00 0.358 0.251 0.251 21.690 25.690 -0.971 0.00
yellow_cone 0.00 0 0.00 0.00 0.00 0.00 0.00 0.358 0.251 0.251 20.201 29.325 -0.971 0.00
yellow_cone 0.00 0 0.00 0.00 0.00 0.00 0.00 0.358 0.251 0.251 18.054 33.138 -0.971 0.00
yellow_cone 0.00 0 0.00 0.00 0.00 0.00 0.00 0.358 0.251 0.251 15.610 36.520 -0.971 0.00
yellow_cone 0.00 0 0.00 0.00 0.00 0.00 0.00 0.358 0.251 0.251 7.581 25.194 -0.971 0.00
blue_cone 0.00 0 0.00 0.00 0.00 0.00 0.00 0.358 0.251 0.251 11.470 23.687 -0.971 0.00
blue_cone 0.00 0 0.00 0.00 0.00 0.00 0.00 0.358 0.251 0.251 19.999 13.460 -0.971 0.00
blue_cone 0.00 0 0.00 0.00 0.00 0.00 0.00 0.358 0.251 0.251 10.150 20.616 -0.971 0.00
blue_cone 0.00 0 0.00 0.00 0.00 0.00 0.00 0.358 0.251 0.251 7.408 18.326 -0.971 0.00
blue_cone 0.00 0 0.00 0.00 0.00 0.00 0.00 0.358 0.251 0.251 20.369 16.697 -0.971 0.00
blue_cone 0.00 0 0.00 0.00 0.00 0.00 0.00 0.358 0.251 0.251 20.033 20.695 -0.971 0.00
blue_cone 0.00 0 0.00 0.00 0.00 0.00 0.00 0.358 0.251 0.251 18.845 24.751 -0.971 0.00
blue_cone 0.00 0 0.00 0.00 0.00 0.00 0.00 0.358 0.251 0.251 16.990 28.727 -0.971 0.00
blue_cone 0.00 0 0.00 0.00 0.00 0.00 0.00 0.358 0.251 0.251 15.330 31.998 -0.971 0.00
blue_cone 0.00 0 0.00 0.00 0.00 0.00 0.00 0.358 0.251 0.251 9.728 27.635 -0.971 0.00
blue_cone 0.00 0 0.00 0.00 0.00 0.00 0.00 0.358 0.251 0.251 12.656 35.213 -0.971 0.00
blue_cone 0.00 0 0.00 0.00 0.00 0.00 0.00 0.358 0.251 0.251 10.205 37.975 -0.971 0.00
orange_cone 0.00 0 0.00 1368.10 926.50 1445.10 1013.69 0.358 0.251 0.251 6.333 -1.154 -0.971 0.00
orange_cone 0.00 0 0.00 568.71 914.56 646.05 1003.80 0.358 0.251 0.251 6.405 1.714 -0.971 0.00
yellow_cone 0.00 0 0.00 1113.19 855.21 1157.06 908.21 0.358 0.251 0.251 10.496 -0.367 -0.971 0.00
orange_cone 0.00 0 0.00 614.81 854.46 665.46 909.66 0.358 0.251 0.251 9.859 2.393 -0.971 0.00
orange_cone 0.00 0 0.00 847.17 821.11 879.26 858.05 0.358 0.251 0.251 14.554 1.677 -0.971 0.00
orange_cone 0.00 0 0.00 484.31 829.80 522.75 871.29 0.358 0.251 0.251 12.813 4.095 -0.971 0.00
orange_cone 0.00 0 0.00 599.98 805.74 625.98 834.57 0.358 0.251 0.251 18.022 4.564 -0.971 0.00
orange_cone 0.00 0 0.00 324.77 814.44 352.51 844.38 0.358 0.251 0.251 15.916 6.655 -0.971 0.00
orange_cone 0.00 0 0.00 343.01 795.07 363.05 818.36 0.358 0.251 0.251 20.644 8.207 -0.971 0.00
orange_cone 0.00 0 0.00 328.00 811.32 353.81 841.26 0.358 0.251 0.251 18.038 9.990 -0.971 0.00
orange_cone 0.00 0 0.00 110.90 803.39 133.98 830.54 0.00 0.00 0.00 0.00 0.00 0.00 0.00
unknown_cone 0.00 0 0.00 847.19 821.17 879.17 858.11 0.00 0.00 0.00 0.00 0.00 0.00 0.00