yellow_cone 0.00 0 0.00 0.00 0.00 0.00 0.00 0.358 0.251 0.251 9.060 22.258 -0.971 0.00
yellow_cone 0.00 0 0.00 0.00 0.00 0.00 0.00 0.358 0.251 0.251 24.981 16.839 -0.971 0.00
yellow_cone 0.00 0 0.00 0.00 0.00 0.00 0.00 0.358 0.251 0.251 24.348 12.425 -0.971 0.00
yellow_cone 0.00 0 0.00 0.00 0.00 0.00 0.00 0.358 0.251 0.251 24.449 21.284 -0.971 0.00
yellow_cone 0.00 0 0.00 0.00 0.00 0.00 0.00 0.358 0.251 0.251 23.381 25.697 -0.971 0.00
yellow_cone 0.00 0 0.00 0.00 0.00 0.00 0.00 0.358 0.251 0.251 21.885 29.329 -0.971 0.00
yellow_cone 0.00 0 0.00 0.00 0.00 0.00 0.00 0.358 0.251 0.251 19.729 33.138 -0.971 0.00
yellow_cone 0.00 0 0.00 0.00 0.00 0.00 0.00 0.358 0.251 0.251 9.274 25.170 -0.971 0.00
yellow_cone 0.00 0 0.00 0.00 0.00 0.00 0.00 0.358 0.251 0.251 6.414 21.082 -0.971 0.00
yellow_cone 0.00 0 0.00 0.00 0.00 0.00 0.00 0.358 0.251 0.251 1.724 -1.884 -0.971 0.00
blue_cone 0.00 0 0.00 0.00 0.00 0.00 0.00 0.358 0.251 0.251 13.166 23.673 -0.971 0.00
blue_cone 0.00 0 0.00 0.00 0.00 0.00 0.00 0.358 0.251 0.251 21.718 13.464 -0.971 0.00
blue_cone 0.00 0 0.00 0.00 0.00 0.00 0.00 0.358 0.251 0.251 11.853 20.598 -0.971 0.00
blue_cone 0.00 0 0.00 0.00 0.00 0.00 0.00 0.358 0.251 0.251 9.116 18.302 -0.971 0.00
blue_cone 0.00 0 0.00 0.00 0.00 0.00 0.00 0.358 0.251 0.251 22.080 16.701 -0.971 0.00
blue_cone 0.00 0 0.00 0.00 0.00 0.00 0.00 0.358 0.251 0.251 21.735 20.699 -0.971 0.00
blue_cone 0.00 0 0.00 0.00 0.00 0.00 0.00 0.358 0.251 0.251 20.539 24.752 -0.971 0.00
blue_cone 0.00 0 0.00 0.00 0.00 0.00 0.00 0.358 0.251 0.251 18.675 28.724 -0.971 0.00
blue_cone 0.00 0 0.00 0.00 0.00 0.00 0.00 0.358 0.251 0.251 17.008 31.992 -0.971 0.00
blue_cone 0.00 0 0.00 0.00 0.00 0.00 0.00 0.358 0.251 0.251 11.415 27.616 -0.971 0.00
blue_cone 0.00 0 0.00 0.00 0.00 0.00 0.00 0.358 0.251 0.251 14.327 35.201 -0.971 0.00
blue_cone 0.00 0 0.00 0.00 0.00 0.00 0.00 0.358 0.251 0.251 11.870 37.958 -0.971 0.00
blue_cone 0.00 0 0.00 0.00 0.00 0.00 0.00 0.358 0.251 0.251 5.057 18.413 -0.971 0.00
orange_cone 0.00 0 0.00 1293.40 878.08 1353.82 946.31 0.358 0.251 0.251 8.084 -1.180 -0.971 0.00
orange_cone 0.00 0 0.00 658.54 872.52 718.71 936.56 0.358 0.251 0.251 8.150 1.688 -0.971 0.00
yellow_cone 0.00 0 0.00 1100.44 828.26 1137.23 873.75 0.358 0.251 0.251 12.245 -0.384 -0.971 0.00
orange_cone 0.00 0 0.00 674.91 828.09 711.85 873.76 0.358 0.251 0.251 11.602 2.375 -0.971 0.00
orange_cone 0.00 0 0.00 546.57 807.56 577.66 845.06 0.358 0.251 0.251 14.553 4.083 -0.971 0.00
orange_cone 0.00 0 0.00 866.92 801.37 893.18 834.53 0.358 0.251 0.251 16.298 1.669 -0.971 0.00
orange_cone 0.00 0 0.00 639.38 788.78 661.25 815.83 0.358 0.251 0.251 19.760 4.564 -0.971 0.00
orange_cone 0.00 0 0.00 390.72 788.49 416.15 822.51 0.358 0.251 0.251 17.650 6.650 -0.971 0.00
orange_cone 0.00 0 0.00 184.89 780.25 205.26 810.24 0.358 0.251 0.251 19.764 9.989 -0.971 0.00
orange_cone 0.00 0 0.00 181.77 774.48 199.45 798.05 0.358 0.251 0.251 22.282 8.217 -0.971 0.00