yellow_cone 0.00 0 0.00 0.00 0.00 0.00 0.00 0.358 0.251 0.251 9.094 22.274 -0.971 0.00
yellow_cone 0.00 0 0.00 0.00 0.00 0.00 0.00 0.358 0.251 0.251 25.007 16.831 -0.971 0.00
yellow_cone 0.00 0 0.00 0.00 0.00 0.00 0.00 0.358 0.251 0.251 24.367 12.418 -0.971 0.00
yellow_cone 0.00 0 0.00 0.00 0.00 0.00 0.00 0.358 0.251 0.251 24.481 21.278 -0.971 0.00
yellow_cone 0.00 0 0.00 0.00 0.00 0.00 0.00 0.358 0.251 0.251 23.420 25.692 -0.971 0.00
yellow_cone 0.00 0 0.00 0.00 0.00 0.00 0.00 0.358 0.251 0.251 21.929 29.326 -0.971 0.00
yellow_cone 0.00 0 0.00 0.00 0.00 0.00 0.00 0.358 0.251 0.251 19.779 33.138 -0.971 0.00
yellow_cone 0.00 0 0.00 0.00 0.00 0.00 0.00 0.358 0.251 0.251 9.312 25.186 -0.971 0.00
yellow_cone 0.00 0 0.00 0.00 0.00 0.00 0.00 0.358 0.251 0.251 6.446 21.102 -0.971 0.00
yellow_cone 0.00 0 0.00 0.00 0.00 0.00 0.00 0.358 0.251 0.251 1.722 -1.857 -0.971 0.00
blue_cone 0.00 0 0.00 0.00 0.00 0.00 0.00 0.358 0.251 0.251 13.202 23.683 -0.971 0.00
blue_cone 0.00 0 0.00 0.00 0.00 0.00 0.00 0.358 0.251 0.251 21.738 13.462 -0.971 0.00
blue_cone 0.00 0 0.00 0.00 0.00 0.00 0.00 0.358 0.251 0.251 11.884 20.610 -0.971 0.00
blue_cone 0.00 0 0.00 0.00 0.00 0.00 0.00 0.358 0.251 0.251 9.143 18.318 -0.971 0.00
blue_cone 0.00 0 0.00 0.00 0.00 0.00 0.00 0.358 0.251 0.251 22.105 16.698 -0.971 0.00
blue_cone 0.00 0 0.00 0.00 0.00 0.00 0.00 0.358 0.251 0.251 21.766 20.696 -0.971 0.00
blue_cone 0.00 0 0.00 0.00 0.00 0.00 0.00 0.358 0.251 0.251 20.576 24.752 -0.971 0.00
blue_cone 0.00 0 0.00 0.00 0.00 0.00 0.00 0.358 0.251 0.251 18.718 28.726 -0.971 0.00
blue_cone 0.00 0 0.00 0.00 0.00 0.00 0.00 0.358 0.251 0.251 17.056 31.996 -0.971 0.00
blue_cone 0.00 0 0.00 0.00 0.00 0.00 0.00 0.358 0.251 0.251 11.457 27.629 -0.971 0.00
blue_cone 0.00 0 0.00 0.00 0.00 0.00 0.00 0.358 0.251 0.251 14.379 35.209 -0.971 0.00
blue_cone 0.00 0 0.00 0.00 0.00 0.00 0.00 0.358 0.251 0.251 11.926 37.969 -0.971 0.00
blue_cone 0.00 0 0.00 0.00 0.00 0.00 0.00 0.358 0.251 0.251 5.084 18.435 -0.971 0.00
orange_cone 0.00 0 0.00 1294.00 878.19 1353.04 946.30 0.358 0.251 0.251 8.083 -1.162 -0.971 0.00
orange_cone 0.00 0 0.00 658.69 872.01 719.07 936.39 0.358 0.251 0.251 8.153 1.705 -0.971 0.00
yellow_cone 0.00 0 0.00 1100.72 828.35 1137.27 873.41 0.358 0.251 0.251 12.245 -0.373 -0.971 0.00
orange_cone 0.00 0 0.00 675.05 827.64 711.99 873.51 0.358 0.251 0.251 11.606 2.387 -0.971 0.00
orange_cone 0.00 0 0.00 867.39 801.67 893.48 834.40 0.358 0.251 0.251 16.301 1.674 -0.971 0.00
orange_cone 0.00 0 0.00 546.53 807.88 576.95 845.14 0.358 0.251 0.251 14.559 4.091 -0.971 0.00
orange_cone 0.00 0 0.00 390.39 787.49 416.65 822.67 0.358 0.251 0.251 17.660 6.653 -0.971 0.00
orange_cone 0.00 0 0.00 639.74 788.70 661.58 815.69 0.358 0.251 0.251 19.767 4.564 -0.971 0.00
orange_cone 0.00 0 0.00 185.66 781.39 205.81 811.00 0.358 0.251 0.251 19.780 9.990 -0.971 0.00
orange_cone 0.00 0 0.00 182.25 774.33 199.11 796.93 0.358 0.251 0.251 22.386 8.209 -0.971 0.00