yellow_cone 0.00 0 0.00 0.00 0.00 0.00 0.00 0.358 0.251 0.251 4.514 -13.471 -0.971 0.00
yellow_cone 0.00 0 0.00 0.00 0.00 0.00 0.00 0.358 0.251 0.251 3.271 -9.738 -0.971 0.00
yellow_cone 0.00 0 0.00 0.00 0.00 0.00 0.00 0.358 0.251 0.251 2.401 -3.008 -0.971 0.00
yellow_cone 0.00 0 0.00 0.00 0.00 0.00 0.00 0.358 0.251 0.251 6.202 -3.285 -0.971 0.00
yellow_cone 0.00 0 0.00 0.00 0.00 0.00 0.00 0.358 0.251 0.251 5.093 6.852 -0.971 0.00
yellow_cone 0.00 0 0.00 0.00 0.00 0.00 0.00 0.358 0.251 0.251 7.300 14.281 -0.971 0.00
yellow_cone 0.00 0 0.00 0.00 0.00 0.00 0.00 0.358 0.251 0.251 10.966 15.323 -0.971 0.00
yellow_cone 0.00 0 0.00 0.00 0.00 0.00 0.00 0.358 0.251 0.251 12.667 18.860 -0.971 0.00
yellow_cone 0.00 0 0.00 0.00 0.00 0.00 0.00 0.358 0.251 0.251 11.760 22.832 -0.971 0.00
yellow_cone 0.00 0 0.00 0.00 0.00 0.00 0.00 0.358 0.251 0.251 8.401 24.856 -0.971 0.00
yellow_cone 0.00 0 0.00 0.00 0.00 0.00 0.00 0.358 0.251 0.251 8.789 5.634 -0.971 0.00
blue_cone 0.00 0 0.00 0.00 0.00 0.00 0.00 0.358 0.251 0.251 2.527 0.113 -0.971 0.00
blue_cone 0.00 0 0.00 0.00 0.00 0.00 0.00 0.358 0.251 0.251 6.641 3.294 -0.971 0.00
blue_cone 0.00 0 0.00 0.00 0.00 0.00 0.00 0.358 0.251 0.251 1.849 4.736 -0.971 0.00
blue_cone 0.00 0 0.00 0.00 0.00 0.00 0.00 0.358 0.251 0.251 7.114 17.711 -0.971 0.00
blue_cone 0.00 0 0.00 0.00 0.00 0.00 0.00 0.358 0.251 0.251 9.422 18.260 -0.971 0.00
blue_cone 0.00 0 0.00 0.00 0.00 0.00 0.00 0.358 0.251 0.251 7.440 22.454 -0.971 0.00
blue_cone 0.00 0 0.00 0.00 0.00 0.00 0.00 0.358 0.251 0.251 9.464 20.344 -0.971 0.00
orange_cone 0.00 0 0.00 1063.02 932.94 1150.01 1030.13 0.358 0.251 0.251 6.001 -0.156 -0.971 0.00
blue_cone 0.00 0 0.00 641.42 890.33 705.09 966.42 0.358 0.251 0.251 8.124 1.377 -0.971 0.00
yellow_cone 0.00 0 0.00 1494.72 860.66 1544.85 921.11 0.358 0.251 0.251 9.576 -2.449 -0.971 0.00
blue_cone 0.00 0 0.00 451.64 828.16 495.75 878.33 0.358 0.251 0.251 11.096 3.509 -0.971 0.00
orange_cone 0.00 0 0.00 955.62 835.18 1002.84 884.34 0.358 0.251 0.251 11.506 0.349 -0.971 0.00
orange_cone 0.00 0 0.00 1963.98 936.06 2046.85 1027.91 0.00 0.00 0.00 0.00 0.00 0.00 0.00
orange_cone 0.00 0 0.00 0.00 941.26 38.07 1022.18 0.00 0.00 0.00 0.00 0.00 0.00 0.00