yellow_cone 0.00 0 0.00 0.00 0.00 0.00 0.00 0.358 0.251 0.251 18.310 13.776 -0.971 0.00
yellow_cone 0.00 0 0.00 0.00 0.00 0.00 0.00 0.358 0.251 0.251 17.034 9.503 -0.971 0.00
yellow_cone 0.00 0 0.00 0.00 0.00 0.00 0.00 0.358 0.251 0.251 18.437 18.251 -0.971 0.00
yellow_cone 0.00 0 0.00 0.00 0.00 0.00 0.00 0.358 0.251 0.251 18.030 22.773 -0.971 0.00
yellow_cone 0.00 0 0.00 0.00 0.00 0.00 0.00 0.358 0.251 0.251 17.084 26.586 -0.971 0.00
yellow_cone 0.00 0 0.00 0.00 0.00 0.00 0.00 0.358 0.251 0.251 15.512 30.670 -0.971 0.00
yellow_cone 0.00 0 0.00 0.00 0.00 0.00 0.00 0.358 0.251 0.251 13.584 34.370 -0.971 0.00
yellow_cone 0.00 0 0.00 0.00 0.00 0.00 0.00 0.358 0.251 0.251 11.127 38.366 -0.971 0.00
blue_cone 0.00 0 0.00 0.00 0.00 0.00 0.00 0.358 0.251 0.251 7.629 22.273 -0.971 0.00
blue_cone 0.00 0 0.00 0.00 0.00 0.00 0.00 0.358 0.251 0.251 14.585 10.918 -0.971 0.00
blue_cone 0.00 0 0.00 0.00 0.00 0.00 0.00 0.358 0.251 0.251 5.877 19.425 -0.971 0.00
blue_cone 0.00 0 0.00 0.00 0.00 0.00 0.00 0.358 0.251 0.251 12.142 7.768 -0.971 0.00
blue_cone 0.00 0 0.00 0.00 0.00 0.00 0.00 0.358 0.251 0.251 15.420 14.067 -0.971 0.00
blue_cone 0.00 0 0.00 0.00 0.00 0.00 0.00 0.358 0.251 0.251 15.667 18.071 -0.971 0.00
blue_cone 0.00 0 0.00 0.00 0.00 0.00 0.00 0.358 0.251 0.251 15.080 22.257 -0.971 0.00
blue_cone 0.00 0 0.00 0.00 0.00 0.00 0.00 0.358 0.251 0.251 13.820 26.459 -0.971 0.00
blue_cone 0.00 0 0.00 0.00 0.00 0.00 0.00 0.358 0.251 0.251 12.652 29.937 -0.971 0.00
blue_cone 0.00 0 0.00 0.00 0.00 0.00 0.00 0.358 0.251 0.251 10.472 33.505 -0.971 0.00
yellow_cone 0.00 0 0.00 1869.79 1108.74 2016.99 1303.13 0.358 0.251 0.251 3.071 -1.440 -0.971 0.00
orange_cone 0.00 0 0.00 183.93 1134.39 339.63 1336.91 0.358 0.251 0.251 2.949 1.437 -0.971 0.00
orange_cone 0.00 0 0.00 1052.41 905.28 1116.98 979.86 0.358 0.251 0.251 7.357 -0.133 -0.971 0.00
orange_cone 0.00 0 0.00 273.80 936.14 357.76 1026.26 0.358 0.251 0.251 6.126 2.568 -0.971 0.00
orange_cone 0.00 0 0.00 192.57 870.54 240.57 925.94 0.358 0.251 0.251 9.552 4.667 -0.971 0.00
orange_cone 0.00 0 0.00 676.26 854.37 720.07 901.70 0.358 0.251 0.251 11.216 2.279 -0.971 0.00
orange_cone 0.00 0 0.00 352.84 829.42 383.86 865.66 0.358 0.251 0.251 14.462 5.627 -0.971 0.00
orange_cone 0.00 0 0.00 105.97 816.74 135.43 849.08 0.00 0.00 0.00 0.00 0.00 0.00 0.00