yellow_cone 0.00 0 0.00 0.00 0.00 0.00 0.00 0.358 0.251 0.251 9.077 22.271 -0.971 0.00
yellow_cone 0.00 0 0.00 0.00 0.00 0.00 0.00 0.358 0.251 0.251 24.992 16.833 -0.971 0.00
yellow_cone 0.00 0 0.00 0.00 0.00 0.00 0.00 0.358 0.251 0.251 24.353 12.420 -0.971 0.00
yellow_cone 0.00 0 0.00 0.00 0.00 0.00 0.00 0.358 0.251 0.251 24.464 21.279 -0.971 0.00
yellow_cone 0.00 0 0.00 0.00 0.00 0.00 0.00 0.358 0.251 0.251 23.401 25.694 -0.971 0.00
yellow_cone 0.00 0 0.00 0.00 0.00 0.00 0.00 0.358 0.251 0.251 21.909 29.327 -0.971 0.00
yellow_cone 0.00 0 0.00 0.00 0.00 0.00 0.00 0.358 0.251 0.251 19.758 33.138 -0.971 0.00
yellow_cone 0.00 0 0.00 0.00 0.00 0.00 0.00 0.358 0.251 0.251 9.294 25.182 -0.971 0.00
yellow_cone 0.00 0 0.00 0.00 0.00 0.00 0.00 0.358 0.251 0.251 6.429 21.097 -0.971 0.00
yellow_cone 0.00 0 0.00 0.00 0.00 0.00 0.00 0.358 0.251 0.251 1.714 -1.863 -0.971 0.00
blue_cone 0.00 0 0.00 0.00 0.00 0.00 0.00 0.358 0.251 0.251 13.184 23.680 -0.971 0.00
blue_cone 0.00 0 0.00 0.00 0.00 0.00 0.00 0.358 0.251 0.251 21.724 13.462 -0.971 0.00
blue_cone 0.00 0 0.00 0.00 0.00 0.00 0.00 0.358 0.251 0.251 11.867 20.607 -0.971 0.00
blue_cone 0.00 0 0.00 0.00 0.00 0.00 0.00 0.358 0.251 0.251 9.128 18.314 -0.971 0.00
blue_cone 0.00 0 0.00 0.00 0.00 0.00 0.00 0.358 0.251 0.251 22.090 16.699 -0.971 0.00
blue_cone 0.00 0 0.00 0.00 0.00 0.00 0.00 0.358 0.251 0.251 21.750 20.697 -0.971 0.00
blue_cone 0.00 0 0.00 0.00 0.00 0.00 0.00 0.358 0.251 0.251 20.558 24.752 -0.971 0.00
blue_cone 0.00 0 0.00 0.00 0.00 0.00 0.00 0.358 0.251 0.251 18.699 28.726 -0.971 0.00
blue_cone 0.00 0 0.00 0.00 0.00 0.00 0.00 0.358 0.251 0.251 17.035 31.995 -0.971 0.00
blue_cone 0.00 0 0.00 0.00 0.00 0.00 0.00 0.358 0.251 0.251 11.438 27.626 -0.971 0.00
blue_cone 0.00 0 0.00 0.00 0.00 0.00 0.00 0.358 0.251 0.251 14.358 35.208 -0.971 0.00
blue_cone 0.00 0 0.00 0.00 0.00 0.00 0.00 0.358 0.251 0.251 11.904 37.967 -0.971 0.00
blue_cone 0.00 0 0.00 0.00 0.00 0.00 0.00 0.358 0.251 0.251 5.069 18.430 -0.971 0.00
orange_cone 0.00 0 0.00 1293.12 877.99 1352.37 946.33 0.358 0.251 0.251 8.074 -1.166 -0.971 0.00
orange_cone 0.00 0 0.00 657.93 872.31 718.77 936.56 0.358 0.251 0.251 8.143 1.702 -0.971 0.00
yellow_cone 0.00 0 0.00 1100.90 828.57 1137.54 873.91 0.358 0.251 0.251 12.242 -0.363 -0.971 0.00
orange_cone 0.00 0 0.00 675.01 827.91 711.87 873.89 0.358 0.251 0.251 11.596 2.384 -0.971 0.00
orange_cone 0.00 0 0.00 546.66 807.87 576.89 845.22 0.358 0.251 0.251 14.549 4.090 -0.971 0.00
orange_cone 0.00 0 0.00 867.08 801.01 893.67 834.26 0.358 0.251 0.251 16.292 1.673 -0.971 0.00
orange_cone 0.00 0 0.00 390.43 789.00 415.81 822.56 0.358 0.251 0.251 17.648 6.653 -0.971 0.00
orange_cone 0.00 0 0.00 639.55 788.73 661.33 815.72 0.358 0.251 0.251 19.757 4.564 -0.971 0.00
orange_cone 0.00 0 0.00 184.77 780.07 205.20 810.49 0.358 0.251 0.251 19.767 9.990 -0.971 0.00
orange_cone 0.00 0 0.00 181.86 775.17 199.57 798.81 0.358 0.251 0.251 22.212 8.113 -0.971 0.00