yellow_cone 0.00 0 0.00 0.00 0.00 0.00 0.00 0.358 0.251 0.251 9.078 22.267 -0.971 0.00
yellow_cone 0.00 0 0.00 0.00 0.00 0.00 0.00 0.358 0.251 0.251 24.994 16.830 -0.971 0.00
yellow_cone 0.00 0 0.00 0.00 0.00 0.00 0.00 0.358 0.251 0.251 24.356 12.417 -0.971 0.00
yellow_cone 0.00 0 0.00 0.00 0.00 0.00 0.00 0.358 0.251 0.251 24.466 21.276 -0.971 0.00
yellow_cone 0.00 0 0.00 0.00 0.00 0.00 0.00 0.358 0.251 0.251 23.403 25.691 -0.971 0.00
yellow_cone 0.00 0 0.00 0.00 0.00 0.00 0.00 0.358 0.251 0.251 21.910 29.324 -0.971 0.00
yellow_cone 0.00 0 0.00 0.00 0.00 0.00 0.00 0.358 0.251 0.251 19.759 33.135 -0.971 0.00
yellow_cone 0.00 0 0.00 0.00 0.00 0.00 0.00 0.358 0.251 0.251 9.295 25.178 -0.971 0.00
yellow_cone 0.00 0 0.00 0.00 0.00 0.00 0.00 0.358 0.251 0.251 6.431 21.093 -0.971 0.00
yellow_cone 0.00 0 0.00 0.00 0.00 0.00 0.00 0.358 0.251 0.251 1.717 -1.868 -0.971 0.00
blue_cone 0.00 0 0.00 0.00 0.00 0.00 0.00 0.358 0.251 0.251 13.186 23.677 -0.971 0.00
blue_cone 0.00 0 0.00 0.00 0.00 0.00 0.00 0.358 0.251 0.251 21.727 13.459 -0.971 0.00
blue_cone 0.00 0 0.00 0.00 0.00 0.00 0.00 0.358 0.251 0.251 11.869 20.603 -0.971 0.00
blue_cone 0.00 0 0.00 0.00 0.00 0.00 0.00 0.358 0.251 0.251 9.130 18.310 -0.971 0.00
blue_cone 0.00 0 0.00 0.00 0.00 0.00 0.00 0.358 0.251 0.251 22.092 16.696 -0.971 0.00
blue_cone 0.00 0 0.00 0.00 0.00 0.00 0.00 0.358 0.251 0.251 21.752 20.694 -0.971 0.00
blue_cone 0.00 0 0.00 0.00 0.00 0.00 0.00 0.358 0.251 0.251 20.559 24.749 -0.971 0.00
blue_cone 0.00 0 0.00 0.00 0.00 0.00 0.00 0.358 0.251 0.251 18.700 28.722 -0.971 0.00
blue_cone 0.00 0 0.00 0.00 0.00 0.00 0.00 0.358 0.251 0.251 17.036 31.992 -0.971 0.00
blue_cone 0.00 0 0.00 0.00 0.00 0.00 0.00 0.358 0.251 0.251 11.439 27.622 -0.971 0.00
blue_cone 0.00 0 0.00 0.00 0.00 0.00 0.00 0.358 0.251 0.251 14.358 35.204 -0.971 0.00
blue_cone 0.00 0 0.00 0.00 0.00 0.00 0.00 0.358 0.251 0.251 11.904 37.963 -0.971 0.00
blue_cone 0.00 0 0.00 0.00 0.00 0.00 0.00 0.358 0.251 0.251 5.071 18.426 -0.971 0.00
orange_cone 0.00 0 0.00 1293.25 877.83 1353.19 945.85 0.358 0.251 0.251 8.178 -1.127 -0.971 0.00
orange_cone 0.00 0 0.00 659.02 872.29 718.60 936.43 0.358 0.251 0.251 8.146 1.697 -0.971 0.00
orange_cone 0.00 0 0.00 674.80 828.31 711.41 873.69 0.358 0.251 0.251 11.599 2.380 -0.971 0.00
yellow_cone 0.00 0 0.00 1100.50 828.16 1137.25 873.54 0.358 0.251 0.251 12.239 -0.379 -0.971 0.00
orange_cone 0.00 0 0.00 546.76 807.61 576.87 845.05 0.358 0.251 0.251 14.551 4.086 -0.971 0.00
orange_cone 0.00 0 0.00 867.34 801.36 893.28 834.28 0.358 0.251 0.251 16.295 1.670 -0.971 0.00
orange_cone 0.00 0 0.00 639.80 788.73 661.66 815.78 0.358 0.251 0.251 19.760 4.561 -0.971 0.00
orange_cone 0.00 0 0.00 390.97 786.25 416.69 822.44 0.358 0.251 0.251 17.651 6.649 -0.971 0.00
orange_cone 0.00 0 0.00 185.83 781.48 205.91 810.84 0.358 0.251 0.251 19.770 9.986 -0.971 0.00
orange_cone 0.00 0 0.00 182.28 774.41 199.35 796.90 0.358 0.251 0.251 22.377 8.207 -0.971 0.00