yellow_cone 0.00 0 0.00 0.00 0.00 0.00 0.00 0.358 0.251 0.251 8.080 15.480 -0.971 0.00
yellow_cone 0.00 0 0.00 0.00 0.00 0.00 0.00 0.358 0.251 0.251 5.201 12.988 -0.971 0.00
yellow_cone 0.00 0 0.00 0.00 0.00 0.00 0.00 0.358 0.251 0.251 9.800 19.355 -0.971 0.00
yellow_cone 0.00 0 0.00 0.00 0.00 0.00 0.00 0.358 0.251 0.251 12.435 23.194 -0.971 0.00
yellow_cone 0.00 0 0.00 0.00 0.00 0.00 0.00 0.358 0.251 0.251 14.701 26.613 -0.971 0.00
yellow_cone 0.00 0 0.00 0.00 0.00 0.00 0.00 0.358 0.251 0.251 11.861 29.051 -0.971 0.00
yellow_cone 0.00 0 0.00 0.00 0.00 0.00 0.00 0.358 0.251 0.251 31.716 19.745 -0.971 0.00
yellow_cone 0.00 0 0.00 0.00 0.00 0.00 0.00 0.358 0.251 0.251 17.578 29.849 -0.971 0.00
yellow_cone 0.00 0 0.00 0.00 0.00 0.00 0.00 0.358 0.251 0.251 15.027 31.957 -0.971 0.00
yellow_cone 0.00 0 0.00 0.00 0.00 0.00 0.00 0.358 0.251 0.251 20.996 32.295 -0.971 0.00
yellow_cone 0.00 0 0.00 0.00 0.00 0.00 0.00 0.358 0.251 0.251 18.063 34.497 -0.971 0.00
yellow_cone 0.00 0 0.00 0.00 0.00 0.00 0.00 0.358 0.251 0.251 8.767 26.074 -0.971 0.00
yellow_cone 0.00 0 0.00 0.00 0.00 0.00 0.00 0.358 0.251 0.251 6.225 23.043 -0.971 0.00
blue_cone 0.00 0 0.00 0.00 0.00 0.00 0.00 0.358 0.251 0.251 3.217 9.320 -0.971 0.00
blue_cone 0.00 0 0.00 0.00 0.00 0.00 0.00 0.358 0.251 0.251 3.342 1.870 -0.971 0.00
blue_cone 0.00 0 0.00 0.00 0.00 0.00 0.00 0.358 0.251 0.251 7.352 10.550 -0.971 0.00
blue_cone 0.00 0 0.00 0.00 0.00 0.00 0.00 0.358 0.251 0.251 10.078 13.989 -0.971 0.00
blue_cone 0.00 0 0.00 0.00 0.00 0.00 0.00 0.358 0.251 0.251 12.173 17.908 -0.971 0.00
blue_cone 0.00 0 0.00 0.00 0.00 0.00 0.00 0.358 0.251 0.251 14.258 21.432 -0.971 0.00
blue_cone 0.00 0 0.00 0.00 0.00 0.00 0.00 0.358 0.251 0.251 24.272 14.011 -0.971 0.00
blue_cone 0.00 0 0.00 0.00 0.00 0.00 0.00 0.358 0.251 0.251 16.439 23.625 -0.971 0.00
blue_cone 0.00 0 0.00 0.00 0.00 0.00 0.00 0.358 0.251 0.251 26.608 16.768 -0.971 0.00
blue_cone 0.00 0 0.00 0.00 0.00 0.00 0.00 0.358 0.251 0.251 18.008 25.805 -0.971 0.00
blue_cone 0.00 0 0.00 0.00 0.00 0.00 0.00 0.358 0.251 0.251 28.433 20.242 -0.971 0.00
blue_cone 0.00 0 0.00 0.00 0.00 0.00 0.00 0.358 0.251 0.251 29.114 24.267 -0.971 0.00
blue_cone 0.00 0 0.00 0.00 0.00 0.00 0.00 0.358 0.251 0.251 22.471 29.517 -0.971 0.00
blue_cone 0.00 0 0.00 0.00 0.00 0.00 0.00 0.358 0.251 0.251 24.375 30.027 -0.971 0.00
blue_cone 0.00 0 0.00 0.00 0.00 0.00 0.00 0.358 0.251 0.251 20.491 28.172 -0.971 0.00
blue_cone 0.00 0 0.00 0.00 0.00 0.00 0.00 0.358 0.251 0.251 26.464 29.548 -0.971 0.00
blue_cone 0.00 0 0.00 0.00 0.00 0.00 0.00 0.358 0.251 0.251 28.479 27.126 -0.971 0.00
blue_cone 0.00 0 0.00 0.00 0.00 0.00 0.00 0.358 0.251 0.251 12.883 33.844 -0.971 0.00
blue_cone 0.00 0 0.00 0.00 0.00 0.00 0.00 0.358 0.251 0.251 9.905 30.927 -0.971 0.00
orange_cone 0.00 0 0.00 1637.49 1092.44 1787.37 1252.10 0.358 0.251 0.251 3.617 -1.267 -0.971 0.00
orange_cone 0.00 0 0.00 344.99 948.74 408.54 1021.22 0.358 0.251 0.251 7.405 2.810 -0.971 0.00
orange_cone 0.00 0 0.00 388.24 904.64 429.07 946.41 0.358 0.251 0.251 10.855 4.040 -0.971 0.00
orange_cone 0.00 0 0.00 301.24 871.18 333.58 905.82 0.358 0.251 0.251 14.521 6.259 -0.971 0.00
yellow_cone 0.00 0 0.00 1089.18 944.25 1159.03 1019.65 0.358 0.251 0.251 7.526 -0.230 -0.971 0.00
yellow_cone 0.00 0 0.00 864.22 888.73 904.28 936.45 0.358 0.251 0.251 11.578 1.193 -0.971 0.00
yellow_cone 0.00 0 0.00 688.54 865.49 721.55 902.42 0.358 0.251 0.251 15.318 3.123 -0.971 0.00
blue_cone 0.00 0 0.00 255.42 858.62 280.75 888.31 0.358 0.251 0.251 17.658 8.141 -0.971 0.00
yellow_cone 0.00 0 0.00 540.50 850.20 564.70 878.67 0.358 0.251 0.251 19.226 5.705 -0.971 0.00
blue_cone 0.00 0 0.00 198.60 850.28 222.20 873.56 0.358 0.251 0.251 20.601 10.264 -0.971 0.00
yellow_cone 0.00 0 0.00 429.67 840.23 450.57 864.65 0.358 0.251 0.251 23.085 8.382 -0.971 0.00
yellow_cone 0.00 0 0.00 187.78 830.69 205.09 849.09 0.358 0.251 0.251 29.720 15.234 -0.971 0.00
yellow_cone 0.00 0 0.00 309.43 836.76 328.08 856.89 0.358 0.251 0.251 26.873 11.736 -0.971 0.00
orange_cone 0.00 0 0.00 12.20 1138.52 166.08 1314.12 0.00 0.00 0.00 0.00 0.00 0.00 0.00