yellow_cone 0.00 0 0.00 0.00 0.00 0.00 0.00 0.358 0.251 0.251 2.747 -0.174 -0.971 0.00
yellow_cone 0.00 0 0.00 0.00 0.00 0.00 0.00 0.358 0.251 0.251 3.367 3.029 -0.971 0.00
yellow_cone 0.00 0 0.00 0.00 0.00 0.00 0.00 0.358 0.251 0.251 7.151 14.110 -0.971 0.00
yellow_cone 0.00 0 0.00 0.00 0.00 0.00 0.00 0.358 0.251 0.251 9.935 16.876 -0.971 0.00
yellow_cone 0.00 0 0.00 0.00 0.00 0.00 0.00 0.358 0.251 0.251 10.406 20.923 -0.971 0.00
yellow_cone 0.00 0 0.00 0.00 0.00 0.00 0.00 0.358 0.251 0.251 7.915 23.953 -0.971 0.00
yellow_cone 0.00 0 0.00 0.00 0.00 0.00 0.00 0.358 0.251 0.251 1.864 5.704 -0.971 0.00
blue_cone 0.00 0 0.00 0.00 0.00 0.00 0.00 0.358 0.251 0.251 6.676 17.394 -0.971 0.00
blue_cone 0.00 0 0.00 0.00 0.00 0.00 0.00 0.358 0.251 0.251 6.207 22.009 -0.971 0.00
blue_cone 0.00 0 0.00 0.00 0.00 0.00 0.00 0.358 0.251 0.251 7.411 19.344 -0.971 0.00
orange_cone 0.00 0 0.00 1.11 1422.08 296.43 1536.00 0.00 0.00 0.00 0.00 0.00 0.00 0.00