yellow_cone 0.00 0 0.00 0.00 0.00 0.00 0.00 0.358 0.251 0.251 9.097 22.267 -0.971 0.00
yellow_cone 0.00 0 0.00 0.00 0.00 0.00 0.00 0.358 0.251 0.251 25.008 16.818 -0.971 0.00
yellow_cone 0.00 0 0.00 0.00 0.00 0.00 0.00 0.358 0.251 0.251 24.367 12.405 -0.971 0.00
yellow_cone 0.00 0 0.00 0.00 0.00 0.00 0.00 0.358 0.251 0.251 24.484 21.265 -0.971 0.00
yellow_cone 0.00 0 0.00 0.00 0.00 0.00 0.00 0.358 0.251 0.251 23.424 25.680 -0.971 0.00
yellow_cone 0.00 0 0.00 0.00 0.00 0.00 0.00 0.358 0.251 0.251 21.935 29.314 -0.971 0.00
yellow_cone 0.00 0 0.00 0.00 0.00 0.00 0.00 0.358 0.251 0.251 19.786 33.127 -0.971 0.00
yellow_cone 0.00 0 0.00 0.00 0.00 0.00 0.00 0.358 0.251 0.251 9.316 25.179 -0.971 0.00
yellow_cone 0.00 0 0.00 0.00 0.00 0.00 0.00 0.358 0.251 0.251 6.449 21.096 -0.971 0.00
yellow_cone 0.00 0 0.00 0.00 0.00 0.00 0.00 0.358 0.251 0.251 1.717 -1.861 -0.971 0.00
blue_cone 0.00 0 0.00 0.00 0.00 0.00 0.00 0.358 0.251 0.251 13.206 23.674 -0.971 0.00
blue_cone 0.00 0 0.00 0.00 0.00 0.00 0.00 0.358 0.251 0.251 21.738 13.450 -0.971 0.00
blue_cone 0.00 0 0.00 0.00 0.00 0.00 0.00 0.358 0.251 0.251 11.887 20.602 -0.971 0.00
blue_cone 0.00 0 0.00 0.00 0.00 0.00 0.00 0.358 0.251 0.251 9.145 18.311 -0.971 0.00
blue_cone 0.00 0 0.00 0.00 0.00 0.00 0.00 0.358 0.251 0.251 22.107 16.686 -0.971 0.00
blue_cone 0.00 0 0.00 0.00 0.00 0.00 0.00 0.358 0.251 0.251 21.769 20.684 -0.971 0.00
blue_cone 0.00 0 0.00 0.00 0.00 0.00 0.00 0.358 0.251 0.251 20.580 24.740 -0.971 0.00
blue_cone 0.00 0 0.00 0.00 0.00 0.00 0.00 0.358 0.251 0.251 18.724 28.715 -0.971 0.00
blue_cone 0.00 0 0.00 0.00 0.00 0.00 0.00 0.358 0.251 0.251 17.063 31.986 -0.971 0.00
blue_cone 0.00 0 0.00 0.00 0.00 0.00 0.00 0.358 0.251 0.251 11.462 27.620 -0.971 0.00
blue_cone 0.00 0 0.00 0.00 0.00 0.00 0.00 0.358 0.251 0.251 14.387 35.200 -0.971 0.00
blue_cone 0.00 0 0.00 0.00 0.00 0.00 0.00 0.358 0.251 0.251 11.936 37.961 -0.971 0.00
blue_cone 0.00 0 0.00 0.00 0.00 0.00 0.00 0.358 0.251 0.251 5.087 18.429 -0.971 0.00
orange_cone 0.00 0 0.00 1293.05 878.18 1353.08 946.21 0.358 0.251 0.251 8.077 -1.169 -0.971 0.00
orange_cone 0.00 0 0.00 659.00 872.15 718.52 936.43 0.358 0.251 0.251 8.149 1.699 -0.971 0.00
yellow_cone 0.00 0 0.00 1100.66 828.34 1137.61 873.97 0.358 0.251 0.251 12.240 -0.381 -0.971 0.00
orange_cone 0.00 0 0.00 675.20 827.77 712.50 873.75 0.358 0.251 0.251 11.602 2.379 -0.971 0.00
orange_cone 0.00 0 0.00 546.70 807.56 577.39 845.13 0.358 0.251 0.251 14.556 4.082 -0.971 0.00
orange_cone 0.00 0 0.00 866.84 801.43 893.57 834.48 0.358 0.251 0.251 16.297 1.664 -0.971 0.00
orange_cone 0.00 0 0.00 639.37 788.32 661.94 815.69 0.358 0.251 0.251 19.764 4.553 -0.971 0.00
orange_cone 0.00 0 0.00 390.42 788.36 416.47 822.81 0.358 0.251 0.251 17.658 6.643 -0.971 0.00
orange_cone 0.00 0 0.00 184.95 780.13 205.36 810.35 0.358 0.251 0.251 19.779 9.978 -0.971 0.00
orange_cone 0.00 0 0.00 181.87 774.29 199.71 798.12 0.358 0.251 0.251 22.407 8.141 -0.971 0.00