yellow_cone 0.00 0 0.00 0.00 0.00 0.00 0.00 0.358 0.251 0.251 6.943 16.223 -0.971 0.00
yellow_cone 0.00 0 0.00 0.00 0.00 0.00 0.00 0.358 0.251 0.251 10.624 18.034 -0.971 0.00
yellow_cone 0.00 0 0.00 0.00 0.00 0.00 0.00 0.358 0.251 0.251 9.399 21.571 -0.971 0.00
yellow_cone 0.00 0 0.00 0.00 0.00 0.00 0.00 0.358 0.251 0.251 14.739 19.379 -0.971 0.00
yellow_cone 0.00 0 0.00 0.00 0.00 0.00 0.00 0.358 0.251 0.251 13.598 22.485 -0.971 0.00
yellow_cone 0.00 0 0.00 0.00 0.00 0.00 0.00 0.358 0.251 0.251 24.681 7.251 -0.971 0.00
yellow_cone 0.00 0 0.00 0.00 0.00 0.00 0.00 0.358 0.251 0.251 18.924 19.768 -0.971 0.00
yellow_cone 0.00 0 0.00 0.00 0.00 0.00 0.00 0.358 0.251 0.251 24.089 17.295 -0.971 0.00
yellow_cone 0.00 0 0.00 0.00 0.00 0.00 0.00 0.358 0.251 0.251 17.500 23.149 -0.971 0.00
yellow_cone 0.00 0 0.00 0.00 0.00 0.00 0.00 0.358 0.251 0.251 21.511 18.938 -0.971 0.00
yellow_cone 0.00 0 0.00 0.00 0.00 0.00 0.00 0.358 0.251 0.251 25.426 15.141 -0.971 0.00
yellow_cone 0.00 0 0.00 0.00 0.00 0.00 0.00 0.358 0.251 0.251 21.475 23.168 -0.971 0.00
yellow_cone 0.00 0 0.00 0.00 0.00 0.00 0.00 0.358 0.251 0.251 25.812 21.917 -0.971 0.00
yellow_cone 0.00 0 0.00 0.00 0.00 0.00 0.00 0.358 0.251 0.251 33.153 20.990 -0.971 0.00
yellow_cone 0.00 0 0.00 0.00 0.00 0.00 0.00 0.358 0.251 0.251 29.497 20.942 -0.971 0.00
yellow_cone 0.00 0 0.00 0.00 0.00 0.00 0.00 0.358 0.251 0.251 14.947 34.398 -0.971 0.00
yellow_cone 0.00 0 0.00 0.00 0.00 0.00 0.00 0.358 0.251 0.251 19.100 34.853 -0.971 0.00
yellow_cone 0.00 0 0.00 0.00 0.00 0.00 0.00 0.358 0.251 0.251 10.937 32.824 -0.971 0.00
blue_cone 0.00 0 0.00 0.00 0.00 0.00 0.00 0.358 0.251 0.251 4.052 11.790 -0.971 0.00
blue_cone 0.00 0 0.00 0.00 0.00 0.00 0.00 0.358 0.251 0.251 7.630 13.782 -0.971 0.00
blue_cone 0.00 0 0.00 0.00 0.00 0.00 0.00 0.358 0.251 0.251 10.619 14.577 -0.971 0.00
blue_cone 0.00 0 0.00 0.00 0.00 0.00 0.00 0.358 0.251 0.251 13.072 15.670 -0.971 0.00
blue_cone 0.00 0 0.00 0.00 0.00 0.00 0.00 0.358 0.251 0.251 21.890 8.743 -0.971 0.00
blue_cone 0.00 0 0.00 0.00 0.00 0.00 0.00 0.358 0.251 0.251 18.798 16.626 -0.971 0.00
blue_cone 0.00 0 0.00 0.00 0.00 0.00 0.00 0.358 0.251 0.251 20.699 16.107 -0.971 0.00
blue_cone 0.00 0 0.00 0.00 0.00 0.00 0.00 0.358 0.251 0.251 16.410 16.462 -0.971 0.00
blue_cone 0.00 0 0.00 0.00 0.00 0.00 0.00 0.358 0.251 0.251 22.262 14.641 -0.971 0.00
blue_cone 0.00 0 0.00 0.00 0.00 0.00 0.00 0.358 0.251 0.251 22.162 26.117 -0.971 0.00
blue_cone 0.00 0 0.00 0.00 0.00 0.00 0.00 0.358 0.251 0.251 17.254 26.110 -0.971 0.00
blue_cone 0.00 0 0.00 0.00 0.00 0.00 0.00 0.358 0.251 0.251 26.512 24.961 -0.971 0.00
blue_cone 0.00 0 0.00 0.00 0.00 0.00 0.00 0.358 0.251 0.251 29.877 24.055 -0.971 0.00
blue_cone 0.00 0 0.00 0.00 0.00 0.00 0.00 0.358 0.251 0.251 26.698 29.629 -0.971 0.00
blue_cone 0.00 0 0.00 0.00 0.00 0.00 0.00 0.358 0.251 0.251 22.924 31.048 -0.971 0.00
blue_cone 0.00 0 0.00 0.00 0.00 0.00 0.00 0.358 0.251 0.251 19.056 31.758 -0.971 0.00
blue_cone 0.00 0 0.00 0.00 0.00 0.00 0.00 0.358 0.251 0.251 16.063 31.636 -0.971 0.00
blue_cone 0.00 0 0.00 0.00 0.00 0.00 0.00 0.358 0.251 0.251 12.698 25.195 -0.971 0.00
blue_cone 0.00 0 0.00 0.00 0.00 0.00 0.00 0.358 0.251 0.251 12.276 30.346 -0.971 0.00
blue_cone 0.00 0 0.00 0.00 0.00 0.00 0.00 0.358 0.251 0.251 8.524 28.720 -0.971 0.00
blue_cone 0.00 0 0.00 0.00 0.00 0.00 0.00 0.358 0.251 0.251 8.655 24.177 -0.971 0.00
yellow_cone 0.00 0 0.00 1818.99 1003.41 1927.76 1137.50 0.358 0.251 0.251 4.335 -2.014 -0.971 0.00
blue_cone 0.00 0 0.00 565.09 1022.46 666.89 1164.51 0.358 0.251 0.251 4.093 1.190 -0.971 0.00
blue_cone 0.00 0 0.00 695.71 883.36 755.57 952.84 0.358 0.251 0.251 7.803 1.464 -0.971 0.00
yellow_cone 0.00 0 0.00 1329.97 865.83 1386.66 927.68 0.358 0.251 0.251 9.049 -1.394 -0.971 0.00
blue_cone 0.00 0 0.00 691.45 828.87 728.08 871.39 0.358 0.251 0.251 12.539 2.325 -0.971 0.00
yellow_cone 0.00 0 0.00 1092.79 821.20 1126.35 859.95 0.358 0.251 0.251 13.938 -0.318 -0.971 0.00
blue_cone 0.00 0 0.00 650.40 805.87 676.90 839.29 0.358 0.251 0.251 15.946 3.529 -0.971 0.00
yellow_cone 0.00 0 0.00 911.53 798.11 938.95 828.68 0.358 0.251 0.251 18.064 1.305 -0.971 0.00
yellow_cone 0.00 0 0.00 752.41 787.06 775.92 812.90 0.358 0.251 0.251 21.858 3.526 -0.971 0.00
blue_cone 0.00 0 0.00 522.62 788.70 545.64 818.74 0.358 0.251 0.251 19.273 5.611 -0.971 0.00
blue_cone 0.00 0 0.00 174.85 780.76 195.12 801.92 0.358 0.251 0.251 22.782 11.533 -0.971 0.00
yellow_cone 0.00 0 0.00 289.13 774.90 308.56 796.72 0.358 0.251 0.251 25.908 11.253 -0.971 0.00
yellow_cone 0.00 0 0.00 36.00 773.91 55.13 794.90 0.00 0.00 0.00 0.00 0.00 0.00 0.00