yellow_cone 0.00 0 0.00 0.00 0.00 0.00 0.00 0.358 0.251 0.251 9.090 22.269 -0.971 0.00
yellow_cone 0.00 0 0.00 0.00 0.00 0.00 0.00 0.358 0.251 0.251 25.003 16.825 -0.971 0.00
yellow_cone 0.00 0 0.00 0.00 0.00 0.00 0.00 0.358 0.251 0.251 24.363 12.412 -0.971 0.00
yellow_cone 0.00 0 0.00 0.00 0.00 0.00 0.00 0.358 0.251 0.251 24.477 21.271 -0.971 0.00
yellow_cone 0.00 0 0.00 0.00 0.00 0.00 0.00 0.358 0.251 0.251 23.416 25.686 -0.971 0.00
yellow_cone 0.00 0 0.00 0.00 0.00 0.00 0.00 0.358 0.251 0.251 21.926 29.320 -0.971 0.00
yellow_cone 0.00 0 0.00 0.00 0.00 0.00 0.00 0.358 0.251 0.251 19.776 33.132 -0.971 0.00
yellow_cone 0.00 0 0.00 0.00 0.00 0.00 0.00 0.358 0.251 0.251 9.308 25.181 -0.971 0.00
yellow_cone 0.00 0 0.00 0.00 0.00 0.00 0.00 0.358 0.251 0.251 6.442 21.097 -0.971 0.00
yellow_cone 0.00 0 0.00 0.00 0.00 0.00 0.00 0.358 0.251 0.251 1.717 -1.862 -0.971 0.00
blue_cone 0.00 0 0.00 0.00 0.00 0.00 0.00 0.358 0.251 0.251 13.199 23.677 -0.971 0.00
blue_cone 0.00 0 0.00 0.00 0.00 0.00 0.00 0.358 0.251 0.251 21.734 13.456 -0.971 0.00
blue_cone 0.00 0 0.00 0.00 0.00 0.00 0.00 0.358 0.251 0.251 11.880 20.604 -0.971 0.00
blue_cone 0.00 0 0.00 0.00 0.00 0.00 0.00 0.358 0.251 0.251 9.140 18.313 -0.971 0.00
blue_cone 0.00 0 0.00 0.00 0.00 0.00 0.00 0.358 0.251 0.251 22.102 16.692 -0.971 0.00
blue_cone 0.00 0 0.00 0.00 0.00 0.00 0.00 0.358 0.251 0.251 21.763 20.690 -0.971 0.00
blue_cone 0.00 0 0.00 0.00 0.00 0.00 0.00 0.358 0.251 0.251 20.573 24.746 -0.971 0.00
blue_cone 0.00 0 0.00 0.00 0.00 0.00 0.00 0.358 0.251 0.251 18.715 28.720 -0.971 0.00
blue_cone 0.00 0 0.00 0.00 0.00 0.00 0.00 0.358 0.251 0.251 17.053 31.990 -0.971 0.00
blue_cone 0.00 0 0.00 0.00 0.00 0.00 0.00 0.358 0.251 0.251 11.454 27.623 -0.971 0.00
blue_cone 0.00 0 0.00 0.00 0.00 0.00 0.00 0.358 0.251 0.251 14.377 35.204 -0.971 0.00
blue_cone 0.00 0 0.00 0.00 0.00 0.00 0.00 0.358 0.251 0.251 11.924 37.964 -0.971 0.00
blue_cone 0.00 0 0.00 0.00 0.00 0.00 0.00 0.358 0.251 0.251 5.081 18.430 -0.971 0.00
orange_cone 0.00 0 0.00 658.90 872.84 718.47 936.36 0.358 0.251 0.251 8.148 1.700 -0.971 0.00
orange_cone 0.00 0 0.00 1293.66 878.16 1353.29 946.21 0.358 0.251 0.251 8.078 -1.168 -0.971 0.00
yellow_cone 0.00 0 0.00 1101.14 828.30 1137.64 873.87 0.358 0.251 0.251 12.240 -0.378 -0.971 0.00
orange_cone 0.00 0 0.00 674.77 827.78 711.96 873.91 0.358 0.251 0.251 11.602 2.382 -0.971 0.00
orange_cone 0.00 0 0.00 546.80 808.25 576.97 845.02 0.358 0.251 0.251 14.554 4.086 -0.971 0.00
orange_cone 0.00 0 0.00 867.11 801.40 893.64 834.30 0.358 0.251 0.251 16.296 1.669 -0.971 0.00
orange_cone 0.00 0 0.00 639.32 788.88 661.49 815.97 0.358 0.251 0.251 19.763 4.558 -0.971 0.00
orange_cone 0.00 0 0.00 390.30 787.46 416.51 822.71 0.358 0.251 0.251 17.655 6.648 -0.971 0.00
orange_cone 0.00 0 0.00 185.38 780.45 205.49 810.78 0.358 0.251 0.251 19.815 9.850 -0.971 0.00
orange_cone 0.00 0 0.00 181.82 774.39 199.07 797.54 0.358 0.251 0.251 22.351 8.356 -0.971 0.00