yellow_cone 0.00 0 0.00 0.00 0.00 0.00 0.00 0.358 0.251 0.251 22.844 -0.606 -0.971 0.00
yellow_cone 0.00 0 0.00 0.00 0.00 0.00 0.00 0.358 0.251 0.251 24.165 -4.921 -0.971 0.00
yellow_cone 0.00 0 0.00 0.00 0.00 0.00 0.00 0.358 0.251 0.251 24.481 -9.454 -0.971 0.00
yellow_cone 0.00 0 0.00 0.00 0.00 0.00 0.00 0.358 0.251 0.251 23.596 -13.597 -0.971 0.00
yellow_cone 0.00 0 0.00 0.00 0.00 0.00 0.00 0.358 0.251 0.251 2.382 -3.585 -0.971 0.00
yellow_cone 0.00 0 0.00 0.00 0.00 0.00 0.00 0.358 0.251 0.251 13.564 8.977 -0.971 0.00
yellow_cone 0.00 0 0.00 0.00 0.00 0.00 0.00 0.358 0.251 0.251 20.498 3.221 -0.971 0.00
yellow_cone 0.00 0 0.00 0.00 0.00 0.00 0.00 0.358 0.251 0.251 17.385 6.677 -0.971 0.00
yellow_cone 0.00 0 0.00 0.00 0.00 0.00 0.00 0.358 0.251 0.251 9.262 10.214 -0.971 0.00
yellow_cone 0.00 0 0.00 0.00 0.00 0.00 0.00 0.358 0.251 0.251 4.781 10.947 -0.971 0.00
yellow_cone 0.00 0 0.00 0.00 0.00 0.00 0.00 0.358 0.251 0.251 2.436 -6.480 -0.971 0.00
yellow_cone 0.00 0 0.00 0.00 0.00 0.00 0.00 0.358 0.251 0.251 7.990 -22.271 -0.971 0.00
yellow_cone 0.00 0 0.00 0.00 0.00 0.00 0.00 0.358 0.251 0.251 6.031 -20.003 -0.971 0.00
yellow_cone 0.00 0 0.00 0.00 0.00 0.00 0.00 0.358 0.251 0.251 8.380 -25.131 -0.971 0.00
yellow_cone 0.00 0 0.00 0.00 0.00 0.00 0.00 0.358 0.251 0.251 21.772 -19.730 -0.971 0.00
yellow_cone 0.00 0 0.00 0.00 0.00 0.00 0.00 0.358 0.251 0.251 19.640 -26.001 -0.971 0.00
yellow_cone 0.00 0 0.00 0.00 0.00 0.00 0.00 0.358 0.251 0.251 17.626 -32.018 -0.971 0.00
blue_cone 0.00 0 0.00 0.00 0.00 0.00 0.00 0.358 0.251 0.251 15.405 4.658 -0.971 0.00
blue_cone 0.00 0 0.00 0.00 0.00 0.00 0.00 0.358 0.251 0.251 17.847 1.507 -0.971 0.00
blue_cone 0.00 0 0.00 0.00 0.00 0.00 0.00 0.358 0.251 0.251 6.048 -5.072 -0.971 0.00
blue_cone 0.00 0 0.00 0.00 0.00 0.00 0.00 0.358 0.251 0.251 20.101 -1.740 -0.971 0.00
blue_cone 0.00 0 0.00 0.00 0.00 0.00 0.00 0.358 0.251 0.251 21.262 -5.591 -0.971 0.00
blue_cone 0.00 0 0.00 0.00 0.00 0.00 0.00 0.358 0.251 0.251 21.689 -8.973 -0.971 0.00
blue_cone 0.00 0 0.00 0.00 0.00 0.00 0.00 0.358 0.251 0.251 20.979 -12.421 -0.971 0.00
blue_cone 0.00 0 0.00 0.00 0.00 0.00 0.00 0.358 0.251 0.251 12.563 6.250 -0.971 0.00
blue_cone 0.00 0 0.00 0.00 0.00 0.00 0.00 0.358 0.251 0.251 8.746 7.487 -0.971 0.00
blue_cone 0.00 0 0.00 0.00 0.00 0.00 0.00 0.358 0.251 0.251 4.546 7.961 -0.971 0.00
blue_cone 0.00 0 0.00 0.00 0.00 0.00 0.00 0.358 0.251 0.251 4.368 -8.768 -0.971 0.00
blue_cone 0.00 0 0.00 0.00 0.00 0.00 0.00 0.358 0.251 0.251 9.578 -19.297 -0.971 0.00
blue_cone 0.00 0 0.00 0.00 0.00 0.00 0.00 0.358 0.251 0.251 7.012 -17.294 -0.971 0.00
blue_cone 0.00 0 0.00 0.00 0.00 0.00 0.00 0.358 0.251 0.251 11.349 -25.105 -0.971 0.00
blue_cone 0.00 0 0.00 0.00 0.00 0.00 0.00 0.358 0.251 0.251 10.876 -21.719 -0.971 0.00
blue_cone 0.00 0 0.00 0.00 0.00 0.00 0.00 0.358 0.251 0.251 10.344 -28.110 -0.971 0.00
blue_cone 0.00 0 0.00 0.00 0.00 0.00 0.00 0.358 0.251 0.251 18.926 -18.974 -0.971 0.00
blue_cone 0.00 0 0.00 0.00 0.00 0.00 0.00 0.358 0.251 0.251 8.437 -31.197 -0.971 0.00
blue_cone 0.00 0 0.00 0.00 0.00 0.00 0.00 0.358 0.251 0.251 16.726 -25.188 -0.971 0.00
blue_cone 0.00 0 0.00 0.00 0.00 0.00 0.00 0.358 0.251 0.251 14.795 -31.260 -0.971 0.00
blue_cone 0.00 0 0.00 0.00 0.00 0.00 0.00 0.358 0.251 0.251 12.906 -37.597 -0.971 0.00
orange_cone 0.00 0 0.00 391.94 1186.83 538.73 1400.55 0.358 0.251 0.251 2.556 0.711 -0.971 0.00
blue_cone 0.00 0 0.00 1555.59 998.41 1661.02 1116.33 0.358 0.251 0.251 4.920 -1.581 -0.971 0.00
orange_cone 0.00 0 0.00 284.44 783.40 314.78 815.13 0.00 0.00 0.00 0.00 0.00 0.00 0.00
orange_cone 0.00 0 0.00 819.12 798.55 843.76 829.32 0.00 0.00 0.00 0.00 0.00 0.00 0.00
orange_cone 0.00 0 0.00 1127.77 802.63 1152.06 829.16 0.00 0.00 0.00 0.00 0.00 0.00 0.00
orange_cone 0.00 0 0.00 1437.53 809.54 1458.68 833.57 0.00 0.00 0.00 0.00 0.00 0.00 0.00
orange_cone 0.00 0 0.00 1694.10 814.06 1716.11 839.10 0.00 0.00 0.00 0.00 0.00 0.00 0.00
orange_cone 0.00 0 0.00 680.03 785.90 704.65 812.30 0.00 0.00 0.00 0.00 0.00 0.00 0.00
orange_cone 0.00 0 0.00 387.34 799.15 421.98 838.25 0.00 0.00 0.00 0.00 0.00 0.00 0.00
yellow_cone 0.00 0 0.00 1650.82 807.03 1667.36 828.94 0.00 0.00 0.00 0.00 0.00 0.00 0.00
orange_cone 0.00 0 0.00 1957.82 817.50 1978.26 839.80 0.00 0.00 0.00 0.00 0.00 0.00 0.00
orange_cone 0.00 0 0.00 1340.15 798.65 1357.97 819.85 0.00 0.00 0.00 0.00 0.00 0.00 0.00
orange_cone 0.00 0 0.00 1982.07 825.89 2004.74 849.59 0.00 0.00 0.00 0.00 0.00 0.00 0.00
orange_cone 0.00 0 0.00 1021.42 790.43 1044.22 817.70 0.00 0.00 0.00 0.00 0.00 0.00 0.00